1.4999999999999991 1.2246467991473532e-16 -1.0 1.2246467991473532e-16 -1.0 3.0
2.333333333333335 -0.5000000000000004 0.8660254037844384 0.49999999999999994 -0.8660254037844387 4.0
1.9999999999999991 -1.0 -1.8369701987210297e-16 1.0 6.123233995736766e-17 4.0
2.333333333333335 -0.5000000000000004 0.8660254037844384 0.49999999999999994 -0.8660254037844387 4.0
2.666666666666667 0.49999999999999994 0.8660254037844387 -0.5000000000000001 -0.8660254037844386 4.0
1.4999999999999991 1.2246467991473532e-16 -1.0 1.2246467991473532e-16 -1.0 3.584962500721156
1.8333333333333348 -0.8660254037844385 -0.5000000000000004 -0.8660254037844385 -0.5000000000000004 2.0
1.9999999999999991 -1.0 -1.8369701987210297e-16 1.0 6.123233995736766e-17 3.584962500721156
2.333333333333335 -0.5000000000000004 0.8660254037844384 0.49999999999999994 -0.8660254037844387 2.0
1.166666666666667 0.8660254037844387 -0.4999999999999998 0.8660254037844387 -0.4999999999999998 3.0
1.0000000000000009 1.0 6.123233995736766e-17 -1.0 -1.8369701987210297e-16 3.0
1.166666666666667 0.8660254037844387 -0.4999999999999998 0.8660254037844387 -0.4999999999999998 3.0
1.3333333333333348 0.49999999999999994 -0.8660254037844387 -0.5000000000000004 0.8660254037844384 3.0
1.4999999999999991 1.2246467991473532e-16 -1.0 1.2246467991473532e-16 -1.0 1.0
1.9999999999999991 -1.0 -1.8369701987210297e-16 1.0 6.123233995736766e-17 2.0
1.8333333333333348 -0.8660254037844385 -0.5000000000000004 -0.8660254037844385 -0.5000000000000004 1.0
1.9999999999999991 -1.0 -1.8369701987210297e-16 1.0 6.123233995736766e-17 3.584962500721156
1.8333333333333348 -0.8660254037844385 -0.5000000000000004 -0.8660254037844385 -0.5000000000000004 1.0
1.4999999999999991 1.2246467991473532e-16 -1.0 1.2246467991473532e-16 -1.0 1.0
1.8333333333333348 -0.8660254037844385 -0.5000000000000004 -0.8660254037844385 -0.5000000000000004 3.0
1.9999999999999991 -1.0 -1.8369701987210297e-16 1.0 6.123233995736766e-17 2.0
1.666666666666667 -0.5000000000000001 -0.8660254037844386 0.49999999999999994 0.8660254037844387 2.0
1.4999999999999991 1.2246467991473532e-16 -1.0 1.2246467991473532e-16 -1.0 2.0
1.166666666666667 0.8660254037844387 -0.4999999999999998 0.8660254037844387 -0.4999999999999998 2.0
1.0000000000000009 1.0 6.123233995736766e-17 -1.0 -1.8369701987210297e-16 3.584962500721156
1.166666666666667 0.8660254037844387 -0.4999999999999998 0.8660254037844387 -0.4999999999999998 1.0
1.4999999999999991 1.2246467991473532e-16 -1.0 1.2246467991473532e-16 -1.0 1.0
1.166666666666667 0.8660254037844387 -0.4999999999999998 0.8660254037844387 -0.4999999999999998 3.584962500721156
1.4999999999999991 1.2246467991473532e-16 -1.0 1.2246467991473532e-16 -1.0 1.0
1.666666666666667 -0.5000000000000001 -0.8660254037844386 0.49999999999999994 0.8660254037844387 1.0
1.9999999999999991 -1.0 -1.8369701987210297e-16 1.0 6.123233995736766e-17 4.321928094887363
1.666666666666667 -0.5000000000000001 -0.8660254037844386 0.49999999999999994 0.8660254037844387 1.0
1.4999999999999991 1.2246467991473532e-16 -1.0 1.2246467991473532e-16 -1.0 1.0
1.666666666666667 -0.5000000000000001 -0.8660254037844386 0.49999999999999994 0.8660254037844387 3.0
1.4999999999999991 1.2246467991473532e-16 -1.0 1.2246467991473532e-16 -1.0 2.0
1.8333333333333348 -0.8660254037844385 -0.5000000000000004 -0.8660254037844385 -0.5000000000000004 1.0
2.166666666666667 -0.8660254037844386 0.5000000000000001 -0.8660254037844386 0.5000000000000001 1.0
2.333333333333335 -0.5000000000000004 0.8660254037844384 0.49999999999999994 -0.8660254037844387 3.584962500721156
2.666666666666667 0.49999999999999994 0.8660254037844387 -0.5000000000000001 -0.8660254037844386 1.0
2.333333333333335 -0.5000000000000004 0.8660254037844384 0.49999999999999994 -0.8660254037844387 1.0
2.166666666666667 -0.8660254037844386 0.5000000000000001 -0.8660254037844386 0.5000000000000001 3.0
2.333333333333335 -0.5000000000000004 0.8660254037844384 0.49999999999999994 -0.8660254037844387 2.0
1.9999999999999991 -1.0 -1.8369701987210297e-16 1.0 6.123233995736766e-17 3.0
1.8333333333333348 -0.8660254037844385 -0.5000000000000004 -0.8660254037844385 -0.5000000000000004 2.0
2.166666666666667 -0.8660254037844386 0.5000000000000001 -0.8660254037844386 0.5000000000000001 3.0
2.333333333333335 -0.5000000000000004 0.8660254037844384 0.49999999999999994 -0.8660254037844387 4.0
2.166666666666667 -0.8660254037844386 0.5000000000000001 -0.8660254037844386 0.5000000000000001 3.0
2.333333333333335 -0.5000000000000004 0.8660254037844384 0.49999999999999994 -0.8660254037844387 3.0
1.4999999999999991 1.2246467991473532e-16 -1.0 1.2246467991473532e-16 -1.0 3.0
2.333333333333335 -0.5000000000000004 0.8660254037844384 0.49999999999999994 -0.8660254037844387 4.0
1.9999999999999991 -1.0 -1.8369701987210297e-16 1.0 6.123233995736766e-17 4.0
2.333333333333335 -0.5000000000000004 0.8660254037844384 0.49999999999999994 -0.8660254037844387 4.0
2.666666666666667 0.49999999999999994 0.8660254037844387 -0.5000000000000001 -0.8660254037844386 4.0
1.4999999999999991 1.2246467991473532e-16 -1.0 1.2246467991473532e-16 -1.0 2.0
1.8333333333333348 -0.8660254037844385 -0.5000000000000004 -0.8660254037844385 -0.5000000000000004 2.0
1.9999999999999991 -1.0 -1.8369701987210297e-16 1.0 6.123233995736766e-17 4.321928094887363
1.8333333333333348 -0.8660254037844385 -0.5000000000000004 -0.8660254037844385 -0.5000000000000004 2.0
1.9999999999999991 -1.0 -1.8369701987210297e-16 1.0 6.123233995736766e-17 2.0
1.166666666666667 0.8660254037844387 -0.4999999999999998 0.8660254037844387 -0.4999999999999998 2.0
1.9999999999999991 -1.0 -1.8369701987210297e-16 1.0 6.123233995736766e-17 4.321928094887363
1.4999999999999991 1.2246467991473532e-16 -1.0 1.2246467991473532e-16 -1.0 2.0
2.333333333333335 -0.5000000000000004 0.8660254037844384 0.49999999999999994 -0.8660254037844387 4.321928094887363
1.166666666666667 0.8660254037844387 -0.4999999999999998 0.8660254037844387 -0.4999999999999998 2.0
1.9999999999999991 -1.0 -1.8369701987210297e-16 1.0 6.123233995736766e-17 2.0
1.666666666666667 -0.5000000000000001 -0.8660254037844386 0.49999999999999994 0.8660254037844387 2.0
1.4999999999999991 1.2246467991473532e-16 -1.0 1.2246467991473532e-16 -1.0 2.0
1.166666666666667 0.8660254037844387 -0.4999999999999998 0.8660254037844387 -0.4999999999999998 2.0
1.4999999999999991 1.2246467991473532e-16 -1.0 1.2246467991473532e-16 -1.0 4.0
1.166666666666667 0.8660254037844387 -0.4999999999999998 0.8660254037844387 -0.4999999999999998 2.0
0.8333333333333348 0.8660254037844386 0.5000000000000001 0.8660254037844386 0.5000000000000001 2.0
0.666666666666667 0.49999999999999994 0.8660254037844387 -0.5000000000000001 -0.8660254037844386 2.0
0.3333333333333348 -0.5000000000000004 0.8660254037844384 0.49999999999999994 -0.8660254037844387 2.0
0.5000000000000009 0.0 1.0 0.0 1.0 4.0
0.3333333333333348 -0.5000000000000004 0.8660254037844384 0.49999999999999994 -0.8660254037844387 4.584962500721156
1.166666666666667 0.8660254037844387 -0.4999999999999998 0.8660254037844387 -0.4999999999999998 2.0
0.8333333333333348 0.8660254037844386 0.5000000000000001 0.8660254037844386 0.5000000000000001 2.0
0.666666666666667 0.49999999999999994 0.8660254037844387 -0.5000000000000001 -0.8660254037844386 2.0
1.166666666666667 0.8660254037844387 -0.4999999999999998 0.8660254037844387 -0.4999999999999998 2.0
1.9999999999999991 -1.0 -1.8369701987210297e-16 1.0 6.123233995736766e-17 4.0
2.833333333333335 0.8660254037844386 0.5000000000000001 0.8660254037844386 0.5000000000000001 2.0
2.666666666666667 0.49999999999999994 0.8660254037844387 -0.5000000000000001 -0.8660254037844386 2.0
2.333333333333335 -0.5000000000000004 0.8660254037844384 0.49999999999999994 -0.8660254037844387 2.0
1.9999999999999991 -1.0 -1.8369701987210297e-16 1.0 6.123233995736766e-17 2.0
1.8333333333333348 -0.8660254037844385 -0.5000000000000004 -0.8660254037844385 -0.5000000000000004 3.0
2.166666666666667 -0.8660254037844386 0.5000000000000001 -0.8660254037844386 0.5000000000000001 3.0
2.333333333333335 -0.5000000000000004 0.8660254037844384 0.49999999999999994 -0.8660254037844387 3.584962500721156
2.166666666666667 -0.8660254037844386 0.5000000000000001 -0.8660254037844386 0.5000000000000001 1.0
2.333333333333335 -0.5000000000000004 0.8660254037844384 0.49999999999999994 -0.8660254037844387 1.0
2.666666666666667 0.49999999999999994 0.8660254037844387 -0.5000000000000001 -0.8660254037844386 2.0
3.499999999999999 1.2246467991473532e-16 -1.0 1.2246467991473532e-16 -1.0 3.0
2.333333333333335 -0.5000000000000004 0.8660254037844384 0.49999999999999994 -0.8660254037844387 3.0
3.166666666666667 0.8660254037844387 -0.4999999999999998 0.8660254037844387 -0.4999999999999998 3.0
1.9999999999999991 -1.0 -1.8369701987210297e-16 1.0 6.123233995736766e-17 3.0
1.8333333333333348 -0.8660254037844385 -0.5000000000000004 -0.8660254037844385 -0.5000000000000004 3.0
1.666666666666667 -0.5000000000000001 -0.8660254037844386 0.49999999999999994 0.8660254037844387 2.0
1.4999999999999991 1.2246467991473532e-16 -1.0 1.2246467991473532e-16 -1.0 3.0
1.4999999999999991 1.2246467991473532e-16 -1.0 1.2246467991473532e-16 -1.0 3.0
2.333333333333335 -0.5000000000000004 0.8660254037844384 0.49999999999999994 -0.8660254037844387 3.584962500721156
1.9999999999999991 -1.0 -1.8369701987210297e-16 1.0 6.123233995736766e-17 2.0
1.666666666666667 -0.5000000000000001 -0.8660254037844386 0.49999999999999994 0.8660254037844387 4.0
1.9999999999999991 -1.0 -1.8369701987210297e-16 1.0 6.123233995736766e-17 4.0
2.333333333333335 -0.5000000000000004 0.8660254037844384 0.49999999999999994 -0.8660254037844387 4.0
1.166666666666667 0.8660254037844387 -0.4999999999999998 0.8660254037844387 -0.4999999999999998 3.0
1.4999999999999991 1.2246467991473532e-16 -1.0 1.2246467991473532e-16 -1.0 2.0
1.666666666666667 -0.5000000000000001 -0.8660254037844386 0.49999999999999994 0.8660254037844387 2.0
1.9999999999999991 -1.0 -1.8369701987210297e-16 1.0 6.123233995736766e-17 2.0
1.166666666666667 0.8660254037844387 -0.4999999999999998 0.8660254037844387 -0.4999999999999998 2.0
1.9999999999999991 -1.0 -1.8369701987210297e-16 1.0 6.123233995736766e-17 2.0
1.666666666666667 -0.5000000000000001 -0.8660254037844386 0.49999999999999994 0.8660254037844387 2.0
1.4999999999999991 1.2246467991473532e-16 -1.0 1.2246467991473532e-16 -1.0 2.0
0.8333333333333348 0.8660254037844386 0.5000000000000001 0.8660254037844386 0.5000000000000001 2.0
1.666666666666667 -0.5000000000000001 -0.8660254037844386 0.49999999999999994 0.8660254037844387 4.0
1.4999999999999991 1.2246467991473532e-16 -1.0 1.2246467991473532e-16 -1.0 3.0
1.666666666666667 -0.5000000000000001 -0.8660254037844386 0.49999999999999994 0.8660254037844387 3.0
1.3333333333333348 0.49999999999999994 -0.8660254037844387 -0.5000000000000004 0.8660254037844384 3.584962500721156
1.166666666666667 0.8660254037844387 -0.4999999999999998 0.8660254037844387 -0.4999999999999998 1.0
0.8333333333333348 0.8660254037844386 0.5000000000000001 0.8660254037844386 0.5000000000000001 1.0
1.166666666666667 0.8660254037844387 -0.4999999999999998 0.8660254037844387 -0.4999999999999998 2.0
1.4999999999999991 1.2246467991473532e-16 -1.0 1.2246467991473532e-16 -1.0 2.0
1.666666666666667 -0.5000000000000001 -0.8660254037844386 0.49999999999999994 0.8660254037844387 2.0
0.8333333333333348 0.8660254037844386 0.5000000000000001 0.8660254037844386 0.5000000000000001 2.0
1.666666666666667 -0.5000000000000001 -0.8660254037844386 0.49999999999999994 0.8660254037844387 3.0
1.4999999999999991 1.2246467991473532e-16 -1.0 1.2246467991473532e-16 -1.0 1.0
1.666666666666667 -0.5000000000000001 -0.8660254037844386 0.49999999999999994 0.8660254037844387 1.0
1.9999999999999991 -1.0 -1.8369701987210297e-16 1.0 6.123233995736766e-17 1.0
2.333333333333335 -0.5000000000000004 0.8660254037844384 0.49999999999999994 -0.8660254037844387 1.0
2.499999999999999 0.0 1.0 0.0 1.0 1.0
1.4999999999999991 1.2246467991473532e-16 -1.0 1.2246467991473532e-16 -1.0 1.0
1.166666666666667 0.8660254037844387 -0.4999999999999998 0.8660254037844387 -0.4999999999999998 1.0
1.0000000000000009 1.0 6.123233995736766e-17 -1.0 -1.8369701987210297e-16 1.0
1.166666666666667 0.8660254037844387 -0.4999999999999998 0.8660254037844387 -0.4999999999999998 3.584962500721156
1.4999999999999991 1.2246467991473532e-16 -1.0 1.2246467991473532e-16 -1.0 1.0
1.666666666666667 -0.5000000000000001 -0.8660254037844386 0.49999999999999994 0.8660254037844387 1.0
1.4999999999999991 1.2246467991473532e-16 -1.0 1.2246467991473532e-16 -1.0 2.0
1.666666666666667 -0.5000000000000001 -0.8660254037844386 0.49999999999999994 0.8660254037844387 1.0
1.9999999999999991 -1.0 -1.8369701987210297e-16 1.0 6.123233995736766e-17 1.0
1.666666666666667 -0.5000000000000001 -0.8660254037844386 0.49999999999999994 0.8660254037844387 3.584962500721156
1.4999999999999991 1.2246467991473532e-16 -1.0 1.2246467991473532e-16 -1.0 1.0
1.666666666666667 -0.5000000000000001 -0.8660254037844386 0.49999999999999994 0.8660254037844387 1.0
1.9999999999999991 -1.0 -1.8369701987210297e-16 1.0 6.123233995736766e-17 3.584962500721156
2.333333333333335 -0.5000000000000004 0.8660254037844384 0.49999999999999994 -0.8660254037844387 1.0
1.9999999999999991 -1.0 -1.8369701987210297e-16 1.0 6.123233995736766e-17 1.0
1.666666666666667 -0.5000000000000001 -0.8660254037844386 0.49999999999999994 0.8660254037844387 3.0
1.4999999999999991 1.2246467991473532e-16 -1.0 1.2246467991473532e-16 -1.0 3.0
3.499999999999999 1.2246467991473532e-16 -1.0 1.2246467991473532e-16 -1.0 3.0
2.333333333333335 -0.5000000000000004 0.8660254037844384 0.49999999999999994 -0.8660254037844387 3.584962500721156
2.666666666666667 0.49999999999999994 0.8660254037844387 -0.5000000000000001 -0.8660254037844386 2.0
2.833333333333335 0.8660254037844386 0.5000000000000001 0.8660254037844386 0.5000000000000001 4.0
2.666666666666667 0.49999999999999994 0.8660254037844387 -0.5000000000000001 -0.8660254037844386 4.0
2.333333333333335 -0.5000000000000004 0.8660254037844384 0.49999999999999994 -0.8660254037844387 4.0
3.166666666666667 0.8660254037844387 -0.4999999999999998 0.8660254037844387 -0.4999999999999998 4.584962500721156
2.999999999999999 1.0 6.123233995736766e-17 -1.0 -1.8369701987210297e-16 3.0
3.166666666666667 0.8660254037844387 -0.4999999999999998 0.8660254037844387 -0.4999999999999998 2.0
2.833333333333335 0.8660254037844386 0.5000000000000001 0.8660254037844386 0.5000000000000001 1.0
2.499999999999999 0.0 1.0 0.0 1.0 1.0
2.333333333333335 -0.5000000000000004 0.8660254037844384 0.49999999999999994 -0.8660254037844387 2.0
2.499999999999999 0.0 1.0 0.0 1.0 2.0
2.833333333333335 0.8660254037844386 0.5000000000000001 0.8660254037844386 0.5000000000000001 3.584962500721156
2.499999999999999 0.0 1.0 0.0 1.0 1.0
2.333333333333335 -0.5000000000000004 0.8660254037844384 0.49999999999999994 -0.8660254037844387 1.0
1.9999999999999991 -1.0 -1.8369701987210297e-16 1.0 6.123233995736766e-17 2.0
2.333333333333335 -0.5000000000000004 0.8660254037844384 0.49999999999999994 -0.8660254037844387 2.0
2.499999999999999 0.0 1.0 0.0 1.0 2.0
2.833333333333335 0.8660254037844386 0.5000000000000001 0.8660254037844386 0.5000000000000001 2.0
3.166666666666667 0.8660254037844387 -0.4999999999999998 0.8660254037844387 -0.4999999999999998 2.0
2.833333333333335 0.8660254037844386 0.5000000000000001 0.8660254037844386 0.5000000000000001 1.0
2.499999999999999 0.0 1.0 0.0 1.0 1.0
2.333333333333335 -0.5000000000000004 0.8660254037844384 0.49999999999999994 -0.8660254037844387 2.0
2.499999999999999 0.0 1.0 0.0 1.0 1.0
2.333333333333335 -0.5000000000000004 0.8660254037844384 0.49999999999999994 -0.8660254037844387 1.0
1.9999999999999991 -1.0 -1.8369701987210297e-16 1.0 6.123233995736766e-17 3.584962500721156
2.333333333333335 -0.5000000000000004 0.8660254037844384 0.49999999999999994 -0.8660254037844387 1.0
2.499999999999999 0.0 1.0 0.0 1.0 1.0
2.833333333333335 0.8660254037844386 0.5000000000000001 0.8660254037844386 0.5000000000000001 4.321928094887363
2.499999999999999 0.0 1.0 0.0 1.0 1.0
2.333333333333335 -0.5000000000000004 0.8660254037844384 0.49999999999999994 -0.8660254037844387 1.0
1.9999999999999991 -1.0 -1.8369701987210297e-16 1.0 6.123233995736766e-17 2.0
1.666666666666667 -0.5000000000000001 -0.8660254037844386 0.49999999999999994 0.8660254037844387 2.0
1.4999999999999991 1.2246467991473532e-16 -1.0 1.2246467991473532e-16 -1.0 2.0
3.499999999999999 1.2246467991473532e-16 -1.0 1.2246467991473532e-16 -1.0 1.0
3.166666666666667 0.8660254037844387 -0.4999999999999998 0.8660254037844387 -0.4999999999999998 1.0
2.833333333333335 0.8660254037844386 0.5000000000000001 0.8660254037844386 0.5000000000000001 2.0
2.499999999999999 0.0 1.0 0.0 1.0 3.0
2.333333333333335 -0.5000000000000004 0.8660254037844384 0.49999999999999994 -0.8660254037844387 3.0
1.9999999999999991 -1.0 -1.8369701987210297e-16 1.0 6.123233995736766e-17 1.0
1.666666666666667 -0.5000000000000001 -0.8660254037844386 0.49999999999999994 0.8660254037844387 1.0
1.9999999999999991 -1.0 -1.8369701987210297e-16 1.0 6.123233995736766e-17 4.0
1.666666666666667 -0.5000000000000001 -0.8660254037844386 0.49999999999999994 0.8660254037844387 4.321928094887363
1.4999999999999991 1.2246467991473532e-16 -1.0 1.2246467991473532e-16 -1.0 1.0
1.666666666666667 -0.5000000000000001 -0.8660254037844386 0.49999999999999994 0.8660254037844387 1.0
1.9999999999999991 -1.0 -1.8369701987210297e-16 1.0 6.123233995736766e-17 3.584962500721156
3.499999999999999 1.2246467991473532e-16 -1.0 1.2246467991473532e-16 -1.0 2.0
2.333333333333335 -0.5000000000000004 0.8660254037844384 0.49999999999999994 -0.8660254037844387 3.584962500721156
2.666666666666667 0.49999999999999994 0.8660254037844387 -0.5000000000000001 -0.8660254037844386 2.0
2.833333333333335 0.8660254037844386 0.5000000000000001 0.8660254037844386 0.5000000000000001 4.0
2.666666666666667 0.49999999999999994 0.8660254037844387 -0.5000000000000001 -0.8660254037844386 3.584962500721156
2.333333333333335 -0.5000000000000004 0.8660254037844384 0.49999999999999994 -0.8660254037844387 1.0
2.166666666666667 -0.8660254037844386 0.5000000000000001 -0.8660254037844386 0.5000000000000001 1.0
2.333333333333335 -0.5000000000000004 0.8660254037844384 0.49999999999999994 -0.8660254037844387 4.0
3.166666666666667 0.8660254037844387 -0.4999999999999998 0.8660254037844387 -0.4999999999999998 4.0
2.833333333333335 0.8660254037844386 0.5000000000000001 0.8660254037844386 0.5000000000000001 4.0
2.666666666666667 0.49999999999999994 0.8660254037844387 -0.5000000000000001 -0.8660254037844386 2.0
2.333333333333335 -0.5000000000000004 0.8660254037844384 0.49999999999999994 -0.8660254037844387 2.0
2.166666666666667 -0.8660254037844386 0.5000000000000001 -0.8660254037844386 0.5000000000000001 3.0
2.333333333333335 -0.5000000000000004 0.8660254037844384 0.49999999999999994 -0.8660254037844387 4.0
2.166666666666667 -0.8660254037844386 0.5000000000000001 -0.8660254037844386 0.5000000000000001 3.0
2.333333333333335 -0.5000000000000004 0.8660254037844384 0.49999999999999994 -0.8660254037844387 2.0
1.4999999999999991 1.2246467991473532e-16 -1.0 1.2246467991473532e-16 -1.0 2.0
2.333333333333335 -0.5000000000000004 0.8660254037844384 0.49999999999999994 -0.8660254037844387 2.0
1.9999999999999991 -1.0 -1.8369701987210297e-16 1.0 6.123233995736766e-17 2.0
1.666666666666667 -0.5000000000000001 -0.8660254037844386 0.49999999999999994 0.8660254037844387 4.169925001442312
1.4999999999999991 1.2246467991473532e-16 -1.0 1.2246467991473532e-16 -1.0 1.0
2.666666666666667 0.49999999999999994 0.8660254037844387 -0.5000000000000001 -0.8660254037844386 2.0
3.499999999999999 1.2246467991473532e-16 -1.0 1.2246467991473532e-16 -1.0 2.0
3.166666666666667 0.8660254037844387 -0.4999999999999998 0.8660254037844387 -0.4999999999999998 3.0
2.833333333333335 0.8660254037844386 0.5000000000000001 0.8660254037844386 0.5000000000000001 1.0
2.666666666666667 0.49999999999999994 0.8660254037844387 -0.5000000000000001 -0.8660254037844386 1.0
2.833333333333335 0.8660254037844386 0.5000000000000001 0.8660254037844386 0.5000000000000001 2.0
2.333333333333335 -0.5000000000000004 0.8660254037844384 0.49999999999999994 -0.8660254037844387 2.0
3.666666666666667 -0.5000000000000001 -0.8660254037844386 0.49999999999999994 0.8660254037844387 4.0
2.666666666666667 0.49999999999999994 0.8660254037844387 -0.5000000000000001 -0.8660254037844386 3.0
2.333333333333335 -0.5000000000000004 0.8660254037844384 0.49999999999999994 -0.8660254037844387 4.0
2.166666666666667 -0.8660254037844386 0.5000000000000001 -0.8660254037844386 0.5000000000000001 3.0
2.333333333333335 -0.5000000000000004 0.8660254037844384 0.49999999999999994 -0.8660254037844387 2.0
1.4999999999999991 1.2246467991473532e-16 -1.0 1.2246467991473532e-16 -1.0 3.0
1.166666666666667 0.8660254037844387 -0.4999999999999998 0.8660254037844387 -0.4999999999999998 2.0
0.8333333333333348 0.8660254037844386 0.5000000000000001 0.8660254037844386 0.5000000000000001 2.0
1.9999999999999991 -1.0 -1.8369701987210297e-16 1.0 6.123233995736766e-17 1.0
2.333333333333335 -0.5000000000000004 0.8660254037844384 0.49999999999999994 -0.8660254037844387 1.0
1.9999999999999991 -1.0 -1.8369701987210297e-16 1.0 6.123233995736766e-17 1.0
1.8333333333333348 -0.8660254037844385 -0.5000000000000004 -0.8660254037844385 -0.5000000000000004 1.0
1.4999999999999991 1.2246467991473532e-16 -1.0 1.2246467991473532e-16 -1.0 1.0
1.3333333333333348 0.49999999999999994 -0.8660254037844387 -0.5000000000000004 0.8660254037844384 1.0
1.4999999999999991 1.2246467991473532e-16 -1.0 1.2246467991473532e-16 -1.0 1.0
0.666666666666667 0.49999999999999994 0.8660254037844387 -0.5000000000000001 -0.8660254037844386 1.0
1.4999999999999991 1.2246467991473532e-16 -1.0 1.2246467991473532e-16 -1.0 1.0
1.8333333333333348 -0.8660254037844385 -0.5000000000000004 -0.8660254037844385 -0.5000000000000004 1.0
1.9999999999999991 -1.0 -1.8369701987210297e-16 1.0 6.123233995736766e-17 1.0
1.8333333333333348 -0.8660254037844385 -0.5000000000000004 -0.8660254037844385 -0.5000000000000004 1.0
1.4999999999999991 1.2246467991473532e-16 -1.0 1.2246467991473532e-16 -1.0 1.0
1.9999999999999991 -1.0 -1.8369701987210297e-16 1.0 6.123233995736766e-17 1.0
1.8333333333333348 -0.8660254037844385 -0.5000000000000004 -0.8660254037844385 -0.5000000000000004 1.0
0.666666666666667 0.49999999999999994 0.8660254037844387 -0.5000000000000001 -0.8660254037844386 1.0
1.8333333333333348 -0.8660254037844385 -0.5000000000000004 -0.8660254037844385 -0.5000000000000004 1.0
1.9999999999999991 -1.0 -1.8369701987210297e-16 1.0 6.123233995736766e-17 1.0
2.333333333333335 -0.5000000000000004 0.8660254037844384 0.49999999999999994 -0.8660254037844387 1.0
1.9999999999999991 -1.0 -1.8369701987210297e-16 1.0 6.123233995736766e-17 0.0
1.8333333333333348 -0.8660254037844385 -0.5000000000000004 -0.8660254037844385 -0.5000000000000004 0.0
1.9999999999999991 -1.0 -1.8369701987210297e-16 1.0 6.123233995736766e-17 1.0
2.333333333333335 -0.5000000000000004 0.8660254037844384 0.49999999999999994 -0.8660254037844387 1.0
2.666666666666667 0.49999999999999994 0.8660254037844387 -0.5000000000000001 -0.8660254037844386 1.0
2.333333333333335 -0.5000000000000004 0.8660254037844384 0.49999999999999994 -0.8660254037844387 1.0
1.9999999999999991 -1.0 -1.8369701987210297e-16 1.0 6.123233995736766e-17 1.0
2.333333333333335 -0.5000000000000004 0.8660254037844384 0.49999999999999994 -0.8660254037844387 1.0
2.666666666666667 0.49999999999999994 0.8660254037844387 -0.5000000000000001 -0.8660254037844386 3.321928094887362
2.333333333333335 -0.5000000000000004 0.8660254037844384 0.49999999999999994 -0.8660254037844387 0.0
2.166666666666667 -0.8660254037844386 0.5000000000000001 -0.8660254037844386 0.5000000000000001 0.0
2.333333333333335 -0.5000000000000004 0.8660254037844384 0.49999999999999994 -0.8660254037844387 1.0
2.666666666666667 0.49999999999999994 0.8660254037844387 -0.5000000000000001 -0.8660254037844386 1.0
2.833333333333335 0.8660254037844386 0.5000000000000001 0.8660254037844386 0.5000000000000001 3.321928094887362
2.666666666666667 0.49999999999999994 0.8660254037844387 -0.5000000000000001 -0.8660254037844386 1.0
2.333333333333335 -0.5000000000000004 0.8660254037844384 0.49999999999999994 -0.8660254037844387 1.0
1.9999999999999991 -1.0 -1.8369701987210297e-16 1.0 6.123233995736766e-17 1.0
1.8333333333333348 -0.8660254037844385 -0.5000000000000004 -0.8660254037844385 -0.5000000000000004 1.0
1.4999999999999991 1.2246467991473532e-16 -1.0 1.2246467991473532e-16 -1.0 1.0
1.8333333333333348 -0.8660254037844385 -0.5000000000000004 -0.8660254037844385 -0.5000000000000004 1.0
2.333333333333335 -0.5000000000000004 0.8660254037844384 0.49999999999999994 -0.8660254037844387 1.0
1.9999999999999991 -1.0 -1.8369701987210297e-16 1.0 6.123233995736766e-17 1.0
3.499999999999999 1.2246467991473532e-16 -1.0 1.2246467991473532e-16 -1.0 1.0
3.166666666666667 0.8660254037844387 -0.4999999999999998 0.8660254037844387 -0.4999999999999998 1.0
2.833333333333335 0.8660254037844386 0.5000000000000001 0.8660254037844386 0.5000000000000001 1.0
2.666666666666667 0.49999999999999994 0.8660254037844387 -0.5000000000000001 -0.8660254037844386 1.0
2.333333333333335 -0.5000000000000004 0.8660254037844384 0.49999999999999994 -0.8660254037844387 1.0
2.666666666666667 0.49999999999999994 0.8660254037844387 -0.5000000000000001 -0.8660254037844386 1.0
3.166666666666667 0.8660254037844387 -0.4999999999999998 0.8660254037844387 -0.4999999999999998 1.0
2.833333333333335 0.8660254037844386 0.5000000000000001 0.8660254037844386 0.5000000000000001 1.0
2.666666666666667 0.49999999999999994 0.8660254037844387 -0.5000000000000001 -0.8660254037844386 1.0
2.333333333333335 -0.5000000000000004 0.8660254037844384 0.49999999999999994 -0.8660254037844387 1.0
2.166666666666667 -0.8660254037844386 0.5000000000000001 -0.8660254037844386 0.5000000000000001 1.0
2.333333333333335 -0.5000000000000004 0.8660254037844384 0.49999999999999994 -0.8660254037844387 2.0
2.666666666666667 0.49999999999999994 0.8660254037844387 -0.5000000000000001 -0.8660254037844386 2.0
1.4999999999999991 1.2246467991473532e-16 -1.0 1.2246467991473532e-16 -1.0 3.584962500721156
1.8333333333333348 -0.8660254037844385 -0.5000000000000004 -0.8660254037844385 -0.5000000000000004 2.0
1.9999999999999991 -1.0 -1.8369701987210297e-16 1.0 6.123233995736766e-17 2.0
2.166666666666667 -0.8660254037844386 0.5000000000000001 -0.8660254037844386 0.5000000000000001 3.0
2.333333333333335 -0.5000000000000004 0.8660254037844384 0.49999999999999994 -0.8660254037844387 1.0
2.666666666666667 0.49999999999999994 0.8660254037844387 -0.5000000000000001 -0.8660254037844386 1.0
2.833333333333335 0.8660254037844386 0.5000000000000001 0.8660254037844386 0.5000000000000001 1.0
3.666666666666667 -0.5000000000000001 -0.8660254037844386 0.49999999999999994 0.8660254037844387 1.0
3.499999999999999 1.2246467991473532e-16 -1.0 1.2246467991473532e-16 -1.0 1.0
3.166666666666667 0.8660254037844387 -0.4999999999999998 0.8660254037844387 -0.4999999999999998 1.0
2.833333333333335 0.8660254037844386 0.5000000000000001 0.8660254037844386 0.5000000000000001 1.0
2.666666666666667 0.49999999999999994 0.8660254037844387 -0.5000000000000001 -0.8660254037844386 1.0
2.333333333333335 -0.5000000000000004 0.8660254037844384 0.49999999999999994 -0.8660254037844387 1.0
1.9999999999999991 -1.0 -1.8369701987210297e-16 1.0 6.123233995736766e-17 1.0
1.666666666666667 -0.5000000000000001 -0.8660254037844386 0.49999999999999994 0.8660254037844387 1.0
3.999999999999999 -1.0 -1.8369701987210297e-16 1.0 6.123233995736766e-17 1.0
3.666666666666667 -0.5000000000000001 -0.8660254037844386 0.49999999999999994 0.8660254037844387 1.0
3.499999999999999 1.2246467991473532e-16 -1.0 1.2246467991473532e-16 -1.0 1.0
3.166666666666667 0.8660254037844387 -0.4999999999999998 0.8660254037844387 -0.4999999999999998 1.0
2.833333333333335 0.8660254037844386 0.5000000000000001 0.8660254037844386 0.5000000000000001 1.0
2.666666666666667 0.49999999999999994 0.8660254037844387 -0.5000000000000001 -0.8660254037844386 1.0
2.333333333333335 -0.5000000000000004 0.8660254037844384 0.49999999999999994 -0.8660254037844387 1.0
2.166666666666667 -0.8660254037844386 0.5000000000000001 -0.8660254037844386 0.5000000000000001 2.0
2.333333333333335 -0.5000000000000004 0.8660254037844384 0.49999999999999994 -0.8660254037844387 3.0
2.166666666666667 -0.8660254037844386 0.5000000000000001 -0.8660254037844386 0.5000000000000001 2.0
2.333333333333335 -0.5000000000000004 0.8660254037844384 0.49999999999999994 -0.8660254037844387 2.0
2.666666666666667 0.49999999999999994 0.8660254037844387 -0.5000000000000001 -0.8660254037844386 2.0
2.833333333333335 0.8660254037844386 0.5000000000000001 0.8660254037844386 0.5000000000000001 3.0
2.666666666666667 0.49999999999999994 0.8660254037844387 -0.5000000000000001 -0.8660254037844386 2.0
3.499999999999999 1.2246467991473532e-16 -1.0 1.2246467991473532e-16 -1.0 2.0
2.666666666666667 0.49999999999999994 0.8660254037844387 -0.5000000000000001 -0.8660254037844386 2.0
2.333333333333335 -0.5000000000000004 0.8660254037844384 0.49999999999999994 -0.8660254037844387 3.0
1.9999999999999991 -1.0 -1.8369701987210297e-16 1.0 6.123233995736766e-17 1.0
2.333333333333335 -0.5000000000000004 0.8660254037844384 0.49999999999999994 -0.8660254037844387 1.0
2.666666666666667 0.49999999999999994 0.8660254037844387 -0.5000000000000001 -0.8660254037844386 2.0
2.833333333333335 0.8660254037844386 0.5000000000000001 0.8660254037844386 0.5000000000000001 3.0
2.666666666666667 0.49999999999999994 0.8660254037844387 -0.5000000000000001 -0.8660254037844386 3.321928094887362
1.8333333333333348 -0.8660254037844385 -0.5000000000000004 -0.8660254037844385 -0.5000000000000004 1.0
1.9999999999999991 -1.0 -1.8369701987210297e-16 1.0 6.123233995736766e-17 2.0
3.499999999999999 1.2246467991473532e-16 -1.0 1.2246467991473532e-16 -1.0 1.0
3.166666666666667 0.8660254037844387 -0.4999999999999998 0.8660254037844387 -0.4999999999999998 1.0
2.833333333333335 0.8660254037844386 0.5000000000000001 0.8660254037844386 0.5000000000000001 1.0
2.666666666666667 0.49999999999999994 0.8660254037844387 -0.5000000000000001 -0.8660254037844386 1.0
2.333333333333335 -0.5000000000000004 0.8660254037844384 0.49999999999999994 -0.8660254037844387 1.0
2.666666666666667 0.49999999999999994 0.8660254037844387 -0.5000000000000001 -0.8660254037844386 1.0
3.166666666666667 0.8660254037844387 -0.4999999999999998 0.8660254037844387 -0.4999999999999998 1.0
2.999999999999999 1.0 6.123233995736766e-17 -1.0 -1.8369701987210297e-16 2.0
3.166666666666667 0.8660254037844387 -0.4999999999999998 0.8660254037844387 -0.4999999999999998 3.0
2.833333333333335 0.8660254037844386 0.5000000000000001 0.8660254037844386 0.5000000000000001 2.584962500721156
3.166666666666667 0.8660254037844387 -0.4999999999999998 0.8660254037844387 -0.4999999999999998 1.0
2.833333333333335 0.8660254037844386 0.5000000000000001 0.8660254037844386 0.5000000000000001 1.0
2.666666666666667 0.49999999999999994 0.8660254037844387 -0.5000000000000001 -0.8660254037844386 1.0
2.333333333333335 -0.5000000000000004 0.8660254037844384 0.49999999999999994 -0.8660254037844387 1.0
1.9999999999999991 -1.0 -1.8369701987210297e-16 1.0 6.123233995736766e-17 1.0
2.333333333333335 -0.5000000000000004 0.8660254037844384 0.49999999999999994 -0.8660254037844387 1.0
2.833333333333335 0.8660254037844386 0.5000000000000001 0.8660254037844386 0.5000000000000001 1.0
2.666666666666667 0.49999999999999994 0.8660254037844387 -0.5000000000000001 -0.8660254037844386 2.0
2.833333333333335 0.8660254037844386 0.5000000000000001 0.8660254037844386 0.5000000000000001 3.0
2.666666666666667 0.49999999999999994 0.8660254037844387 -0.5000000000000001 -0.8660254037844386 1.0
2.333333333333335 -0.5000000000000004 0.8660254037844384 0.49999999999999994 -0.8660254037844387 1.0
2.666666666666667 0.49999999999999994 0.8660254037844387 -0.5000000000000001 -0.8660254037844386 2.0
2.833333333333335 0.8660254037844386 0.5000000000000001 0.8660254037844386 0.5000000000000001 1.0
3.166666666666667 0.8660254037844387 -0.4999999999999998 0.8660254037844387 -0.4999999999999998 1.0
2.833333333333335 0.8660254037844386 0.5000000000000001 0.8660254037844386 0.5000000000000001 1.0
2.666666666666667 0.49999999999999994 0.8660254037844387 -0.5000000000000001 -0.8660254037844386 1.0
2.333333333333335 -0.5000000000000004 0.8660254037844384 0.49999999999999994 -0.8660254037844387 1.0
2.166666666666667 -0.8660254037844386 0.5000000000000001 -0.8660254037844386 0.5000000000000001 1.0
2.333333333333335 -0.5000000000000004 0.8660254037844384 0.49999999999999994 -0.8660254037844387 1.0
1.4999999999999991 1.2246467991473532e-16 -1.0 1.2246467991473532e-16 -1.0 1.0
2.333333333333335 -0.5000000000000004 0.8660254037844384 0.49999999999999994 -0.8660254037844387 1.0
2.666666666666667 0.49999999999999994 0.8660254037844387 -0.5000000000000001 -0.8660254037844386 1.0
2.833333333333335 0.8660254037844386 0.5000000000000001 0.8660254037844386 0.5000000000000001 1.0
2.666666666666667 0.49999999999999994 0.8660254037844387 -0.5000000000000001 -0.8660254037844386 1.0
2.333333333333335 -0.5000000000000004 0.8660254037844384 0.49999999999999994 -0.8660254037844387 1.0
2.833333333333335 0.8660254037844386 0.5000000000000001 0.8660254037844386 0.5000000000000001 1.0
2.666666666666667 0.49999999999999994 0.8660254037844387 -0.5000000000000001 -0.8660254037844386 1.0
1.4999999999999991 1.2246467991473532e-16 -1.0 1.2246467991473532e-16 -1.0 1.0
2.666666666666667 0.49999999999999994 0.8660254037844387 -0.5000000000000001 -0.8660254037844386 1.0
2.833333333333335 0.8660254037844386 0.5000000000000001 0.8660254037844386 0.5000000000000001 1.0
3.166666666666667 0.8660254037844387 -0.4999999999999998 0.8660254037844387 -0.4999999999999998 1.0
2.833333333333335 0.8660254037844386 0.5000000000000001 0.8660254037844386 0.5000000000000001 0.0
2.666666666666667 0.49999999999999994 0.8660254037844387 -0.5000000000000001 -0.8660254037844386 0.0
2.833333333333335 0.8660254037844386 0.5000000000000001 0.8660254037844386 0.5000000000000001 1.0
3.166666666666667 0.8660254037844387 -0.4999999999999998 0.8660254037844387 -0.4999999999999998 1.0
3.499999999999999 1.2246467991473532e-16 -1.0 1.2246467991473532e-16 -1.0 1.0
3.166666666666667 0.8660254037844387 -0.4999999999999998 0.8660254037844387 -0.4999999999999998 1.0
2.833333333333335 0.8660254037844386 0.5000000000000001 0.8660254037844386 0.5000000000000001 1.0
3.166666666666667 0.8660254037844387 -0.4999999999999998 0.8660254037844387 -0.4999999999999998 1.0
3.499999999999999 1.2246467991473532e-16 -1.0 1.2246467991473532e-16 -1.0 3.321928094887362
3.166666666666667 0.8660254037844387 -0.4999999999999998 0.8660254037844387 -0.4999999999999998 0.0
2.999999999999999 1.0 6.123233995736766e-17 -1.0 -1.8369701987210297e-16 0.0
3.166666666666667 0.8660254037844387 -0.4999999999999998 0.8660254037844387 -0.4999999999999998 1.0
3.499999999999999 1.2246467991473532e-16 -1.0 1.2246467991473532e-16 -1.0 1.0
3.666666666666667 -0.5000000000000001 -0.8660254037844386 0.49999999999999994 0.8660254037844387 3.321928094887362
3.499999999999999 1.2246467991473532e-16 -1.0 1.2246467991473532e-16 -1.0 1.0
3.166666666666667 0.8660254037844387 -0.4999999999999998 0.8660254037844387 -0.4999999999999998 1.0
2.833333333333335 0.8660254037844386 0.5000000000000001 0.8660254037844386 0.5000000000000001 1.0
2.666666666666667 0.49999999999999994 0.8660254037844387 -0.5000000000000001 -0.8660254037844386 1.0
2.333333333333335 -0.5000000000000004 0.8660254037844384 0.49999999999999994 -0.8660254037844387 1.0
2.666666666666667 0.49999999999999994 0.8660254037844387 -0.5000000000000001 -0.8660254037844386 1.0
3.166666666666667 0.8660254037844387 -0.4999999999999998 0.8660254037844387 -0.4999999999999998 1.0
2.833333333333335 0.8660254037844386 0.5000000000000001 0.8660254037844386 0.5000000000000001 1.0
2.666666666666667 0.49999999999999994 0.8660254037844387 -0.5000000000000001 -0.8660254037844386 1.0
2.333333333333335 -0.5000000000000004 0.8660254037844384 0.49999999999999994 -0.8660254037844387 1.0
1.9999999999999991 -1.0 -1.8369701987210297e-16 1.0 6.123233995736766e-17 1.0
1.8333333333333348 -0.8660254037844385 -0.5000000000000004 -0.8660254037844385 -0.5000000000000004 1.0
1.4999999999999991 1.2246467991473532e-16 -1.0 1.2246467991473532e-16 -1.0 1.0
1.8333333333333348 -0.8660254037844385 -0.5000000000000004 -0.8660254037844385 -0.5000000000000004 1.0
2.333333333333335 -0.5000000000000004 0.8660254037844384 0.49999999999999994 -0.8660254037844387 1.0
1.9999999999999991 -1.0 -1.8369701987210297e-16 1.0 6.123233995736766e-17 2.0
1.8333333333333348 -0.8660254037844385 -0.5000000000000004 -0.8660254037844385 -0.5000000000000004 1.0
1.4999999999999991 1.2246467991473532e-16 -1.0 1.2246467991473532e-16 -1.0 1.0
1.3333333333333348 0.49999999999999994 -0.8660254037844387 -0.5000000000000004 0.8660254037844384 1.0
1.0000000000000009 1.0 6.123233995736766e-17 -1.0 -1.8369701987210297e-16 1.0
1.3333333333333348 0.49999999999999994 -0.8660254037844387 -0.5000000000000004 0.8660254037844384 1.0
1.8333333333333348 -0.8660254037844385 -0.5000000000000004 -0.8660254037844385 -0.5000000000000004 1.0
0.666666666666667 0.49999999999999994 0.8660254037844387 -0.5000000000000001 -0.8660254037844386 2.0
1.4999999999999991 1.2246467991473532e-16 -1.0 1.2246467991473532e-16 -1.0 3.0
1.3333333333333348 0.49999999999999994 -0.8660254037844387 -0.5000000000000004 0.8660254037844384 2.0
1.4999999999999991 1.2246467991473532e-16 -1.0 1.2246467991473532e-16 -1.0 2.0
2.666666666666667 0.49999999999999994 0.8660254037844387 -0.5000000000000001 -0.8660254037844386 3.0
2.333333333333335 -0.5000000000000004 0.8660254037844384 0.49999999999999994 -0.8660254037844387 3.0
1.9999999999999991 -1.0 -1.8369701987210297e-16 1.0 6.123233995736766e-17 1.0
2.333333333333335 -0.5000000000000004 0.8660254037844384 0.49999999999999994 -0.8660254037844387 1.0
2.666666666666667 0.49999999999999994 0.8660254037844387 -0.5000000000000001 -0.8660254037844386 2.0
2.499999999999999 0.0 1.0 0.0 1.0 2.0
2.666666666666667 0.49999999999999994 0.8660254037844387 -0.5000000000000001 -0.8660254037844386 2.0
0.8333333333333348 0.8660254037844386 0.5000000000000001 0.8660254037844386 0.5000000000000001 3.0
1.9999999999999991 -1.0 -1.8369701987210297e-16 1.0 6.123233995736766e-17 3.584962500721156
1.666666666666667 -0.5000000000000001 -0.8660254037844386 0.49999999999999994 0.8660254037844387 2.0
1.4999999999999991 1.2246467991473532e-16 -1.0 1.2246467991473532e-16 -1.0 4.0
1.666666666666667 -0.5000000000000001 -0.8660254037844386 0.49999999999999994 0.8660254037844387 4.0
1.9999999999999991 -1.0 -1.8369701987210297e-16 1.0 6.123233995736766e-17 4.0
0.8333333333333348 0.8660254037844386 0.5000000000000001 0.8660254037844386 0.5000000000000001 3.321928094887362
1.0000000000000009 1.0 6.123233995736766e-17 -1.0 -1.8369701987210297e-16 1.0
1.166666666666667 0.8660254037844387 -0.4999999999999998 0.8660254037844387 -0.4999999999999998 1.0
1.4999999999999991 1.2246467991473532e-16 -1.0 1.2246467991473532e-16 -1.0 1.0
1.666666666666667 -0.5000000000000001 -0.8660254037844386 0.49999999999999994 0.8660254037844387 3.321928094887362
1.8333333333333348 -0.8660254037844385 -0.5000000000000004 -0.8660254037844385 -0.5000000000000004 1.0
1.9999999999999991 -1.0 -1.8369701987210297e-16 1.0 6.123233995736766e-17 1.0
2.333333333333335 -0.5000000000000004 0.8660254037844384 0.49999999999999994 -0.8660254037844387 1.0
2.499999999999999 0.0 1.0 0.0 1.0 4.321928094887363
1.4999999999999991 1.2246467991473532e-16 -1.0 1.2246467991473532e-16 -1.0 2.0
2.333333333333335 -0.5000000000000004 0.8660254037844384 0.49999999999999994 -0.8660254037844387 4.0
2.166666666666667 -0.8660254037844386 0.5000000000000001 -0.8660254037844386 0.5000000000000001 3.0
2.333333333333335 -0.5000000000000004 0.8660254037844384 0.49999999999999994 -0.8660254037844387 3.0
1.9999999999999991 -1.0 -1.8369701987210297e-16 1.0 6.123233995736766e-17 3.584962500721156
1.666666666666667 -0.5000000000000001 -0.8660254037844386 0.49999999999999994 0.8660254037844387 1.0
1.4999999999999991 1.2246467991473532e-16 -1.0 1.2246467991473532e-16 -1.0 1.0
1.666666666666667 -0.5000000000000001 -0.8660254037844386 0.49999999999999994 0.8660254037844387 2.0
2.499999999999999 0.0 1.0 0.0 1.0 2.0
2.333333333333335 -0.5000000000000004 0.8660254037844384 0.49999999999999994 -0.8660254037844387 2.0
2.666666666666667 0.49999999999999994 0.8660254037844387 -0.5000000000000001 -0.8660254037844386 1.0
2.999999999999999 1.0 6.123233995736766e-17 -1.0 -1.8369701987210297e-16 1.0
3.166666666666667 0.8660254037844387 -0.4999999999999998 0.8660254037844387 -0.4999999999999998 3.584962500721156
2.833333333333335 0.8660254037844386 0.5000000000000001 0.8660254037844386 0.5000000000000001 2.584962500721156
2.499999999999999 0.0 1.0 0.0 1.0 1.0
2.333333333333335 -0.5000000000000004 0.8660254037844384 0.49999999999999994 -0.8660254037844387 1.0
1.9999999999999991 -1.0 -1.8369701987210297e-16 1.0 6.123233995736766e-17 1.0
1.8333333333333348 -0.8660254037844385 -0.5000000000000004 -0.8660254037844385 -0.5000000000000004 1.0
1.4999999999999991 1.2246467991473532e-16 -1.0 1.2246467991473532e-16 -1.0 1.0
1.166666666666667 0.8660254037844387 -0.4999999999999998 0.8660254037844387 -0.4999999999999998 2.0
2.333333333333335 -0.5000000000000004 0.8660254037844384 0.49999999999999994 -0.8660254037844387 3.0
3.166666666666667 0.8660254037844387 -0.4999999999999998 0.8660254037844387 -0.4999999999999998 3.584962500721156
2.833333333333335 0.8660254037844386 0.5000000000000001 0.8660254037844386 0.5000000000000001 2.0
2.499999999999999 0.0 1.0 0.0 1.0 4.0
2.833333333333335 0.8660254037844386 0.5000000000000001 0.8660254037844386 0.5000000000000001 4.0
3.166666666666667 0.8660254037844387 -0.4999999999999998 0.8660254037844387 -0.4999999999999998 4.0
1.9999999999999991 -1.0 -1.8369701987210297e-16 1.0 6.123233995736766e-17 4.169925001442312
1.0000000000000009 1.0 6.123233995736766e-17 -1.0 -1.8369701987210297e-16 1.0
1.166666666666667 0.8660254037844387 -0.4999999999999998 0.8660254037844387 -0.4999999999999998 1.0
1.4999999999999991 1.2246467991473532e-16 -1.0 1.2246467991473532e-16 -1.0 1.0
1.666666666666667 -0.5000000000000001 -0.8660254037844386 0.49999999999999994 0.8660254037844387 1.0
1.9999999999999991 -1.0 -1.8369701987210297e-16 1.0 6.123233995736766e-17 1.0
1.666666666666667 -0.5000000000000001 -0.8660254037844386 0.49999999999999994 0.8660254037844387 1.0
1.166666666666667 0.8660254037844387 -0.4999999999999998 0.8660254037844387 -0.4999999999999998 1.0
2.499999999999999 0.0 1.0 0.0 1.0 4.321928094887363
2.333333333333335 -0.5000000000000004 0.8660254037844384 0.49999999999999994 -0.8660254037844387 1.0
1.9999999999999991 -1.0 -1.8369701987210297e-16 1.0 6.123233995736766e-17 1.0
1.666666666666667 -0.5000000000000001 -0.8660254037844386 0.49999999999999994 0.8660254037844387 1.0
1.4999999999999991 1.2246467991473532e-16 -1.0 1.2246467991473532e-16 -1.0 1.0
1.666666666666667 -0.5000000000000001 -0.8660254037844386 0.49999999999999994 0.8660254037844387 1.0
2.333333333333335 -0.5000000000000004 0.8660254037844384 0.49999999999999994 -0.8660254037844387 1.0
1.166666666666667 0.8660254037844387 -0.4999999999999998 0.8660254037844387 -0.4999999999999998 2.584962500721156
1.4999999999999991 1.2246467991473532e-16 -1.0 1.2246467991473532e-16 -1.0 1.0
1.0000000000000009 1.0 6.123233995736766e-17 -1.0 -1.8369701987210297e-16 2.584962500721156
1.166666666666667 0.8660254037844387 -0.4999999999999998 0.8660254037844387 -0.4999999999999998 3.321928094887362
1.666666666666667 -0.5000000000000001 -0.8660254037844386 0.49999999999999994 0.8660254037844387 3.0
1.4999999999999991 1.2246467991473532e-16 -1.0 1.2246467991473532e-16 -1.0 3.0
1.9999999999999991 -1.0 -1.8369701987210297e-16 1.0 6.123233995736766e-17 3.0
1.8333333333333348 -0.8660254037844385 -0.5000000000000004 -0.8660254037844385 -0.5000000000000004 2.584962500721156
2.166666666666667 -0.8660254037844386 0.5000000000000001 -0.8660254037844386 0.5000000000000001 1.0
2.333333333333335 -0.5000000000000004 0.8660254037844384 0.49999999999999994 -0.8660254037844387 3.807354922057604
2.166666666666667 -0.8660254037844386 0.5000000000000001 -0.8660254037844386 0.5000000000000001 0.0
1.8333333333333348 -0.8660254037844385 -0.5000000000000004 -0.8660254037844385 -0.5000000000000004 0.0
2.166666666666667 -0.8660254037844386 0.5000000000000001 -0.8660254037844386 0.5000000000000001 3.0
2.333333333333335 -0.5000000000000004 0.8660254037844384 0.49999999999999994 -0.8660254037844387 2.0
2.499999999999999 0.0 1.0 0.0 1.0 2.0
2.666666666666667 0.49999999999999994 0.8660254037844387 -0.5000000000000001 -0.8660254037844386 2.0
1.8333333333333348 -0.8660254037844385 -0.5000000000000004 -0.8660254037844385 -0.5000000000000004 2.0
2.666666666666667 0.49999999999999994 0.8660254037844387 -0.5000000000000001 -0.8660254037844386 2.0
2.333333333333335 -0.5000000000000004 0.8660254037844384 0.49999999999999994 -0.8660254037844387 2.0
1.9999999999999991 -1.0 -1.8369701987210297e-16 1.0 6.123233995736766e-17 3.0
2.166666666666667 -0.8660254037844386 0.5000000000000001 -0.8660254037844386 0.5000000000000001 3.0
2.333333333333335 -0.5000000000000004 0.8660254037844384 0.49999999999999994 -0.8660254037844387 2.0
1.4999999999999991 1.2246467991473532e-16 -1.0 1.2246467991473532e-16 -1.0 2.0
2.333333333333335 -0.5000000000000004 0.8660254037844384 0.49999999999999994 -0.8660254037844387 3.584962500721156
1.9999999999999991 -1.0 -1.8369701987210297e-16 1.0 6.123233995736766e-17 1.0
1.8333333333333348 -0.8660254037844385 -0.5000000000000004 -0.8660254037844385 -0.5000000000000004 1.0
1.9999999999999991 -1.0 -1.8369701987210297e-16 1.0 6.123233995736766e-17 3.584962500721156
1.666666666666667 -0.5000000000000001 -0.8660254037844386 0.49999999999999994 0.8660254037844387 1.0
1.4999999999999991 1.2246467991473532e-16 -1.0 1.2246467991473532e-16 -1.0 1.0
1.666666666666667 -0.5000000000000001 -0.8660254037844386 0.49999999999999994 0.8660254037844387 2.0
1.166666666666667 0.8660254037844387 -0.4999999999999998 0.8660254037844387 -0.4999999999999998 2.0
1.4999999999999991 1.2246467991473532e-16 -1.0 1.2246467991473532e-16 -1.0 2.0
3.499999999999999 1.2246467991473532e-16 -1.0 1.2246467991473532e-16 -1.0 3.0
2.333333333333335 -0.5000000000000004 0.8660254037844384 0.49999999999999994 -0.8660254037844387 3.0
2.666666666666667 0.49999999999999994 0.8660254037844387 -0.5000000000000001 -0.8660254037844386 2.0
2.833333333333335 0.8660254037844386 0.5000000000000001 0.8660254037844386 0.5000000000000001 3.0
2.666666666666667 0.49999999999999994 0.8660254037844387 -0.5000000000000001 -0.8660254037844386 3.321928094887362
2.166666666666667 -0.8660254037844386 0.5000000000000001 -0.8660254037844386 0.5000000000000001 1.0
2.333333333333335 -0.5000000000000004 0.8660254037844384 0.49999999999999994 -0.8660254037844387 1.0
2.666666666666667 0.49999999999999994 0.8660254037844387 -0.5000000000000001 -0.8660254037844386 1.0
1.4999999999999991 1.2246467991473532e-16 -1.0 1.2246467991473532e-16 -1.0 3.584962500721156
1.166666666666667 0.8660254037844387 -0.4999999999999998 0.8660254037844387 -0.4999999999999998 1.0
1.0000000000000009 1.0 6.123233995736766e-17 -1.0 -1.8369701987210297e-16 1.0
1.166666666666667 0.8660254037844387 -0.4999999999999998 0.8660254037844387 -0.4999999999999998 4.584962500721156
0.8333333333333348 0.8660254037844386 0.5000000000000001 0.8660254037844386 0.5000000000000001 1.0
0.666666666666667 0.49999999999999994 0.8660254037844387 -0.5000000000000001 -0.8660254037844386 1.0
0.8333333333333348 0.8660254037844386 0.5000000000000001 0.8660254037844386 0.5000000000000001 2.0
0.666666666666667 0.49999999999999994 0.8660254037844387 -0.5000000000000001 -0.8660254037844386 2.0
1.666666666666667 -0.5000000000000001 -0.8660254037844386 0.49999999999999994 0.8660254037844387 3.0
1.4999999999999991 1.2246467991473532e-16 -1.0 1.2246467991473532e-16 -1.0 3.0
1.9999999999999991 -1.0 -1.8369701987210297e-16 1.0 6.123233995736766e-17 3.0
1.8333333333333348 -0.8660254037844385 -0.5000000000000004 -0.8660254037844385 -0.5000000000000004 2.584962500721156
2.166666666666667 -0.8660254037844386 0.5000000000000001 -0.8660254037844386 0.5000000000000001 1.0
2.333333333333335 -0.5000000000000004 0.8660254037844384 0.49999999999999994 -0.8660254037844387 3.807354922057604
2.166666666666667 -0.8660254037844386 0.5000000000000001 -0.8660254037844386 0.5000000000000001 0.0
1.8333333333333348 -0.8660254037844385 -0.5000000000000004 -0.8660254037844385 -0.5000000000000004 0.0
2.166666666666667 -0.8660254037844386 0.5000000000000001 -0.8660254037844386 0.5000000000000001 1.0
2.499999999999999 0.0 1.0 0.0 1.0 2.584962500721156
2.666666666666667 0.49999999999999994 0.8660254037844387 -0.5000000000000001 -0.8660254037844386 2.0
1.8333333333333348 -0.8660254037844385 -0.5000000000000004 -0.8660254037844385 -0.5000000000000004 2.0
2.666666666666667 0.49999999999999994 0.8660254037844387 -0.5000000000000001 -0.8660254037844386 2.0
2.333333333333335 -0.5000000000000004 0.8660254037844384 0.49999999999999994 -0.8660254037844387 2.0
1.9999999999999991 -1.0 -1.8369701987210297e-16 1.0 6.123233995736766e-17 3.0
2.166666666666667 -0.8660254037844386 0.5000000000000001 -0.8660254037844386 0.5000000000000001 3.0
2.333333333333335 -0.5000000000000004 0.8660254037844384 0.49999999999999994 -0.8660254037844387 3.321928094887362
2.833333333333335 0.8660254037844386 0.5000000000000001 0.8660254037844386 0.5000000000000001 1.0
2.499999999999999 0.0 1.0 0.0 1.0 1.0
2.333333333333335 -0.5000000000000004 0.8660254037844384 0.49999999999999994 -0.8660254037844387 1.0
1.9999999999999991 -1.0 -1.8369701987210297e-16 1.0 6.123233995736766e-17 1.0
3.166666666666667 0.8660254037844387 -0.4999999999999998 0.8660254037844387 -0.4999999999999998 1.0
2.833333333333335 0.8660254037844386 0.5000000000000001 0.8660254037844386 0.5000000000000001 1.0
2.499999999999999 0.0 1.0 0.0 1.0 1.0
2.333333333333335 -0.5000000000000004 0.8660254037844384 0.49999999999999994 -0.8660254037844387 1.0
1.9999999999999991 -1.0 -1.8369701987210297e-16 1.0 6.123233995736766e-17 1.0
2.166666666666667 -0.8660254037844386 0.5000000000000001 -0.8660254037844386 0.5000000000000001 2.584962500721156
1.8333333333333348 -0.8660254037844385 -0.5000000000000004 -0.8660254037844385 -0.5000000000000004 1.0
1.9999999999999991 -1.0 -1.8369701987210297e-16 1.0 6.123233995736766e-17 3.0
1.8333333333333348 -0.8660254037844385 -0.5000000000000004 -0.8660254037844385 -0.5000000000000004 2.0
1.9999999999999991 -1.0 -1.8369701987210297e-16 1.0 6.123233995736766e-17 2.584962500721156
1.666666666666667 -0.5000000000000001 -0.8660254037844386 0.49999999999999994 0.8660254037844387 0.0
1.4999999999999991 1.2246467991473532e-16 -1.0 1.2246467991473532e-16 -1.0 0.0
1.166666666666667 0.8660254037844387 -0.4999999999999998 0.8660254037844387 -0.4999999999999998 1.0
0.666666666666667 0.49999999999999994 0.8660254037844387 -0.5000000000000001 -0.8660254037844386 1.0
2.666666666666667 0.49999999999999994 0.8660254037844387 -0.5000000000000001 -0.8660254037844386 2.584962500721156
2.333333333333335 -0.5000000000000004 0.8660254037844384 0.49999999999999994 -0.8660254037844387 0.0
2.166666666666667 -0.8660254037844386 0.5000000000000001 -0.8660254037844386 0.5000000000000001 0.0
2.333333333333335 -0.5000000000000004 0.8660254037844384 0.49999999999999994 -0.8660254037844387 1.0
1.9999999999999991 -1.0 -1.8369701987210297e-16 1.0 6.123233995736766e-17 0.0
1.8333333333333348 -0.8660254037844385 -0.5000000000000004 -0.8660254037844385 -0.5000000000000004 0.0
1.4999999999999991 1.2246467991473532e-16 -1.0 1.2246467991473532e-16 -1.0 2.0
3.499999999999999 1.2246467991473532e-16 -1.0 1.2246467991473532e-16 -1.0 2.584962500721156
3.166666666666667 0.8660254037844387 -0.4999999999999998 0.8660254037844387 -0.4999999999999998 0.0
3.499999999999999 1.2246467991473532e-16 -1.0 1.2246467991473532e-16 -1.0 0.0
3.666666666666667 -0.5000000000000001 -0.8660254037844386 0.49999999999999994 0.8660254037844387 2.584962500721156
2.666666666666667 0.49999999999999994 0.8660254037844387 -0.5000000000000001 -0.8660254037844386 1.0
3.499999999999999 1.2246467991473532e-16 -1.0 1.2246467991473532e-16 -1.0 1.0
3.166666666666667 0.8660254037844387 -0.4999999999999998 0.8660254037844387 -0.4999999999999998 1.0
2.833333333333335 0.8660254037844386 0.5000000000000001 0.8660254037844386 0.5000000000000001 1.0
2.666666666666667 0.49999999999999994 0.8660254037844387 -0.5000000000000001 -0.8660254037844386 0.0
2.333333333333335 -0.5000000000000004 0.8660254037844384 0.49999999999999994 -0.8660254037844387 0.0
2.166666666666667 -0.8660254037844386 0.5000000000000001 -0.8660254037844386 0.5000000000000001 1.0
2.333333333333335 -0.5000000000000004 0.8660254037844384 0.49999999999999994 -0.8660254037844387 1.0
2.666666666666667 0.49999999999999994 0.8660254037844387 -0.5000000000000001 -0.8660254037844386 1.0
2.333333333333335 -0.5000000000000004 0.8660254037844384 0.49999999999999994 -0.8660254037844387 0.0
2.666666666666667 0.49999999999999994 0.8660254037844387 -0.5000000000000001 -0.8660254037844386 0.0
2.833333333333335 0.8660254037844386 0.5000000000000001 0.8660254037844386 0.5000000000000001 1.0
2.666666666666667 0.49999999999999994 0.8660254037844387 -0.5000000000000001 -0.8660254037844386 1.0
2.333333333333335 -0.5000000000000004 0.8660254037844384 0.49999999999999994 -0.8660254037844387 2.584962500721156
2.166666666666667 -0.8660254037844386 0.5000000000000001 -0.8660254037844386 0.5000000000000001 1.0
2.333333333333335 -0.5000000000000004 0.8660254037844384 0.49999999999999994 -0.8660254037844387 1.0
2.666666666666667 0.49999999999999994 0.8660254037844387 -0.5000000000000001 -0.8660254037844386 0.0
2.833333333333335 0.8660254037844386 0.5000000000000001 0.8660254037844386 0.5000000000000001 0.0
2.666666666666667 0.49999999999999994 0.8660254037844387 -0.5000000000000001 -0.8660254037844386 1.0
2.333333333333335 -0.5000000000000004 0.8660254037844384 0.49999999999999994 -0.8660254037844387 1.0
2.166666666666667 -0.8660254037844386 0.5000000000000001 -0.8660254037844386 0.5000000000000001 2.0
2.666666666666667 0.49999999999999994 0.8660254037844387 -0.5000000000000001 -0.8660254037844386 1.0
2.833333333333335 0.8660254037844386 0.5000000000000001 0.8660254037844386 0.5000000000000001 1.0
3.166666666666667 0.8660254037844387 -0.4999999999999998 0.8660254037844387 -0.4999999999999998 1.0
2.833333333333335 0.8660254037844386 0.5000000000000001 0.8660254037844386 0.5000000000000001 1.0
2.666666666666667 0.49999999999999994 0.8660254037844387 -0.5000000000000001 -0.8660254037844386 1.0
2.333333333333335 -0.5000000000000004 0.8660254037844384 0.49999999999999994 -0.8660254037844387 1.0
2.166666666666667 -0.8660254037844386 0.5000000000000001 -0.8660254037844386 0.5000000000000001 1.0
2.333333333333335 -0.5000000000000004 0.8660254037844384 0.49999999999999994 -0.8660254037844387 3.584962500721156
2.166666666666667 -0.8660254037844386 0.5000000000000001 -0.8660254037844386 0.5000000000000001 1.0
2.333333333333335 -0.5000000000000004 0.8660254037844384 0.49999999999999994 -0.8660254037844387 1.0
2.666666666666667 0.49999999999999994 0.8660254037844387 -0.5000000000000001 -0.8660254037844386 3.584962500721156
2.333333333333335 -0.5000000000000004 0.8660254037844384 0.49999999999999994 -0.8660254037844387 1.0
2.666666666666667 0.49999999999999994 0.8660254037844387 -0.5000000000000001 -0.8660254037844386 1.0
2.833333333333335 0.8660254037844386 0.5000000000000001 0.8660254037844386 0.5000000000000001 1.0
3.166666666666667 0.8660254037844387 -0.4999999999999998 0.8660254037844387 -0.4999999999999998 1.0
3.499999999999999 1.2246467991473532e-16 -1.0 1.2246467991473532e-16 -1.0 1.0
2.833333333333335 0.8660254037844386 0.5000000000000001 0.8660254037844386 0.5000000000000001 1.0
2.333333333333335 -0.5000000000000004 0.8660254037844384 0.49999999999999994 -0.8660254037844387 2.0
2.666666666666667 0.49999999999999994 0.8660254037844387 -0.5000000000000001 -0.8660254037844386 1.0
2.999999999999999 1.0 6.123233995736766e-17 -1.0 -1.8369701987210297e-16 1.0
3.166666666666667 0.8660254037844387 -0.4999999999999998 0.8660254037844387 -0.4999999999999998 1.0
3.499999999999999 1.2246467991473532e-16 -1.0 1.2246467991473532e-16 -1.0 1.0
3.666666666666667 -0.5000000000000001 -0.8660254037844386 0.49999999999999994 0.8660254037844387 1.0
3.166666666666667 0.8660254037844387 -0.4999999999999998 0.8660254037844387 -0.4999999999999998 1.0
2.666666666666667 0.49999999999999994 0.8660254037844387 -0.5000000000000001 -0.8660254037844386 2.0
