0	104	0
0	104	0
0	104	0
0	104	0
0	104	0
0	104	0
0	0	0
0	0	0
0	0	0
0	0	0
0	0	0
0	0	0
0	0	0
0	0	0
0	0	0
0	0	0
0	0	0
0	0	0
0	0	0
0	0	0
0	0	0
0	0	0
0	0	0
0	0	0
0	0	0
0	0	0
0	0	0
0	0	0
0	0	0
0	0	0
0	0	0
0	0	0
0	0	0
0	0	0
0	0	0
0	0	0
0	0	0
0	0	0
0	0	0
0	0	0
0	0	0
0	0	0
0	0	0
0	0	0
0	0	0
0	0	0
0	0	0
0	0	0
0	0	0
0	0	0
0	0	0
0	0	0
0	0	0
0	0	0
0	0	0
0	0	0
0	0	0
0	0	0
0	0	0
0	0	0
0	0	0
0	0	0
0	0	0
0	0	0
0	0	0
0	0	0
0	0	0
0	0	0
0	0	0
0	0	0
0	0	0
0	0	0
0	0	0
0	0	0
0	0	0
0	0	0
0	0	0
0	0	0
0	0	0
0	0	0
0	0	0
0	0	0
0	0	0
0	0	0
0	0	0
0	0	0
0	0	0
0	0	0
0	0	0
0	0	0
0	0	0
0	0	0
0	0	0
0	0	0
0	0	0
0	0	0
0	0	0
0	0	0
0	0	0
0	0	0
0	0	0
0	0	0
0	0	0
0	0	0
0	0	0
0	0	0
0	0	0
0	0	0
0	0	0
0	0	0
0	0	0
0	0	0
0	0	0
0	0	0
0	0	0
0	0	0
0	0	0
0	0	0
0	0	0
0	0	0
0	0	0
0	0	0
0	0	0
0	0	0
0	0	0
0	0	0
0	0	0
0	0	0
0	0	0
0	0	0
0	0	0
0	0	0
0	0	0
0	0	0
0	0	0
0	0	0
0	0	0
0	0	0
0	0	0
0	0	0
0	0	0
0	0	0
0	0	0
0	0	0
0	0	0
0	0	0
0	0	0
0	0	0
0	0	0
0	0	0
0	0	0
0	0	0
0	0	0
0	0	0
0	0	0
0	0	0
0	0	0
0	0	0
0	0	0
0	0	0
0	0	0
0	0	0
0	0	0
0	0	0
0	0	0
0	0	0
0	0	0
0	0	0
0	0	0
0	0	0
0	0	0
0	0	0
0	0	0
0	0	0
0	0	0
0	0	0
0	0	0
0	0	0
0	0	0
0	0	0
0	0	0
0	0	0
0	0	0
0	0	0
0	0	0
0	0	0
0	0	0
0	0	0
0	0	0
0	0	0
0	0	0
0	0	0
0	0	0
0	56	0
0	56	0
62	56	0
62	56	0
62	56	0
62	56	0
62	56	0
62	56	0
62	56	0
62	63	0
62	63	0
62	63	0
62	63	0
62	63	0
62	63	0
62	63	0
62	63	0
62	63	0
62	63	0
62	62	0
62	62	0
62	62	0
67	62	0
67	62	0
67	62	0
67	62	0
67	62	0
67	62	0
67	62	0
67	60	0
67	60	0
67	60	0
67	60	0
67	60	0
67	60	0
67	60	0
67	60	0
67	60	0
67	60	0
67	58	0
67	58	0
67	58	0
67	58	0
67	58	0
67	58	0
67	58	0
67	58	0
67	58	0
67	58	0
67	60	0
67	60	0
67	60	0
70	60	0
70	60	0
70	60	0
70	60	0
70	60	0
70	60	0
70	60	0
70	62	0
70	62	0
70	62	0
69	62	0
69	62	0
69	62	0
69	62	0
69	62	0
69	62	0
69	62	0
69	62	0
69	62	0
69	62	0
67	62	0
67	62	0
67	62	0
67	62	0
67	62	0
67	62	0
67	62	0
67	55	0
67	55	0
67	55	0
65	55	0
65	55	0
65	55	0
65	55	0
65	55	0
65	55	0
65	55	0
65	55	0
65	55	0
65	55	0
67	55	0
67	55	0
67	55	0
67	55	0
67	55	0
67	55	0
67	55	0
67	60	0
67	60	0
67	60	0
69	60	0
69	60	0
69	60	0
69	60	0
69	60	0
69	60	0
69	60	0
69	60	0
69	60	0
69	60	0
69	60	0
69	60	0
69	60	0
69	60	0
69	60	0
69	60	0
69	60	0
69	60	0
69	60	0
69	60	0
62	60	0
62	60	0
62	60	0
62	60	0
62	60	0
62	60	0
62	60	0
62	58	0
62	58	0
62	58	0
62	58	0
62	58	0
62	58	0
62	58	0
62	58	0
62	58	0
62	58	0
62	57	0
62	57	0
62	57	0
67	57	0
67	57	0
67	57	0
67	57	0
67	57	0
67	57	0
67	57	0
67	57	0
67	57	0
67	57	0
67	57	0
67	57	0
67	57	0
67	57	0
67	57	0
67	57	0
67	57	0
67	55	0
67	55	0
67	55	0
67	55	0
67	55	0
67	55	0
67	55	0
67	55	0
67	55	0
67	55	0
67	55	0
67	55	0
67	55	0
65	55	0
65	55	0
65	55	0
65	55	0
65	55	0
65	55	0
65	55	0
65	55	0
65	55	0
65	55	0
64	55	0
64	55	0
64	55	0
64	55	0
64	55	0
64	55	0
64	55	0
64	57	0
64	57	0
64	57	0
64	57	0
64	57	0
64	57	0
64	57	0
64	57	0
64	57	0
64	57	0
64	58	0
64	58	0
64	58	0
0	58	0
0	58	0
0	58	0
0	58	0
0	58	0
0	58	0
0	58	0
0	58	0
0	58	0
0	58	0
64	58	0
64	58	0
64	58	0
64	58	0
64	58	0
64	58	0
64	58	0
64	60	0
64	60	0
64	60	0
65	60	0
65	60	0
65	60	0
65	60	0
65	60	0
65	60	0
65	60	0
65	60	0
65	60	0
65	60	0
65	60	0
65	60	0
65	60	0
65	60	0
65	60	0
65	60	0
65	60	0
65	62	0
65	62	0
65	62	0
65	62	0
65	62	0
65	62	0
65	62	0
65	62	0
65	62	0
65	62	0
65	62	0
65	62	0
65	62	0
65	62	0
65	62	0
65	62	0
65	62	0
65	62	0
65	62	0
65	62	0
65	62	0
65	62	0
65	62	0
65	62	0
65	62	0
65	62	0
65	62	0
65	62	0
65	62	0
65	62	0
65	60	0
65	60	0
65	60	0
63	60	0
63	60	0
63	60	0
63	60	0
63	60	0
63	60	0
63	60	0
63	58	0
63	58	0
63	58	0
62	58	0
62	58	0
62	58	0
62	58	0
62	58	0
62	58	0
62	58	0
62	57	0
62	57	0
62	57	0
62	57	0
62	57	0
62	57	0
62	57	0
62	57	0
62	57	0
62	57	0
62	58	0
62	58	0
62	58	0
67	58	0
67	58	0
67	58	0
67	58	0
67	58	0
67	58	0
67	58	0
67	57	0
67	57	0
67	57	0
67	57	0
67	57	0
67	55	0
67	55	0
67	55	0
67	55	0
67	55	0
67	57	0
67	57	0
67	57	0
67	57	0
67	57	0
67	57	0
67	57	0
67	57	0
67	57	0
67	57	0
67	62	0
67	62	0
67	62	0
66	62	0
66	62	0
66	62	0
66	62	0
66	62	0
66	62	0
66	62	0
66	62	0
66	62	0
66	62	0
67	62	0
67	62	0
67	62	0
67	62	0
67	62	0
67	62	0
67	62	0
67	61	0
67	61	0
67	61	0
69	61	0
69	61	0
69	61	0
69	61	0
69	61	0
69	61	0
69	61	0
69	62	0
69	62	0
69	62	0
70	62	43
70	62	43
70	62	43
70	62	43
70	62	43
70	62	43
70	62	43
70	62	43
70	62	43
70	62	43
70	62	43
70	62	43
70	62	43
70	62	43
70	62	43
70	62	43
70	62	43
70	62	43
70	62	43
70	62	43
69	62	50
69	62	50
69	62	50
69	62	50
69	62	50
69	62	50
69	62	50
69	60	50
69	60	50
69	60	50
70	60	50
70	60	50
70	60	50
70	60	50
70	60	50
70	60	50
70	60	50
70	59	50
70	59	50
70	59	50
72	59	50
72	59	50
72	59	50
72	59	50
72	59	50
72	59	50
72	59	50
72	55	50
72	55	50
72	55	50
69	55	51
69	55	51
69	55	51
69	55	51
69	55	51
69	55	51
69	55	51
69	60	51
69	60	51
69	60	51
70	60	50
70	60	50
70	60	50
70	60	50
70	60	50
70	60	50
70	60	50
70	60	50
70	60	50
70	60	50
72	60	48
72	60	48
72	60	48
72	60	48
72	60	48
72	60	48
72	60	48
72	60	48
72	60	48
72	60	48
74	60	46
74	60	46
74	60	46
74	60	46
74	60	46
74	60	46
74	60	46
74	58	46
74	58	46
74	58	46
72	58	48
72	58	48
72	58	48
72	58	48
72	58	48
72	58	48
72	58	48
72	57	48
72	57	48
72	57	48
70	57	50
70	57	50
70	57	50
70	57	50
70	57	50
70	57	50
70	57	50
70	55	50
70	55	50
70	55	50
69	55	50
69	55	50
69	55	50
69	55	50
69	55	50
69	55	50
69	55	50
69	57	50
69	57	50
69	57	50
70	57	43
70	57	43
70	57	43
70	57	43
70	57	43
70	57	43
70	57	43
70	57	43
70	57	43
70	57	43
70	57	43
70	57	43
70	57	43
70	57	43
70	57	43
70	57	43
70	57	43
70	58	43
70	58	43
70	58	43
69	58	48
69	58	48
69	58	48
69	58	48
69	58	48
69	58	48
69	58	48
69	60	48
69	60	48
69	60	48
67	60	48
67	60	48
67	60	48
67	60	48
67	60	48
67	60	48
67	60	48
67	62	48
67	62	48
67	62	48
66	62	48
66	62	48
66	62	48
66	62	48
66	62	48
66	62	48
66	62	48
66	64	48
66	64	48
66	64	48
67	64	46
67	64	46
67	64	46
67	64	46
67	64	46
67	64	46
67	64	46
67	66	46
67	66	46
67	66	46
67	66	45
67	66	45
67	66	45
67	66	45
67	66	45
67	66	45
67	66	45
67	67	45
67	67	45
67	67	45
66	67	45
66	67	45
66	67	45
66	67	45
66	67	45
66	67	45
66	67	45
66	69	45
66	69	45
66	69	45
67	69	43
67	69	43
67	69	43
67	69	43
67	69	43
67	69	43
67	69	43
67	66	43
67	66	43
67	66	43
65	66	43
65	66	43
65	66	43
65	66	43
65	66	43
65	66	43
65	66	43
65	67	43
65	67	43
65	67	43
63	67	55
63	67	55
63	67	55
63	67	55
63	67	55
63	67	55
63	67	55
63	69	55
63	69	55
63	69	55
63	69	55
63	69	55
63	69	55
63	69	55
63	69	55
63	69	55
63	69	55
63	70	55
63	70	55
63	70	55
63	70	54
63	70	54
63	70	54
63	70	54
63	70	54
63	70	54
63	70	54
63	69	54
63	69	54
63	69	54
62	69	54
62	69	54
62	69	54
62	69	54
62	69	54
60	69	54
60	69	54
60	67	54
60	67	54
60	67	54
62	67	53
62	67	53
62	67	53
62	67	53
62	67	53
62	67	53
62	67	53
62	66	53
62	66	53
62	66	53
63	66	53
63	66	53
63	66	53
63	66	53
63	66	53
65	66	53
65	66	53
65	67	53
65	67	53
65	67	53
67	67	52
67	67	52
67	67	52
67	67	52
67	67	52
67	67	52
67	67	52
67	65	52
67	65	52
67	65	52
69	65	52
69	65	52
69	65	52
69	65	52
69	65	52
70	65	52
70	65	52
70	63	52
70	63	52
70	63	52
69	63	51
69	63	51
69	63	51
69	63	51
69	63	51
69	63	51
69	63	51
69	63	51
69	63	51
69	63	51
69	63	51
69	63	51
69	63	51
69	63	51
69	63	51
67	63	51
67	63	51
67	62	51
67	62	51
67	62	51
66	62	50
66	62	50
66	62	50
66	62	50
66	62	50
66	62	50
66	62	50
66	62	50
66	62	50
66	62	50
66	62	38
66	62	38
66	62	38
66	62	38
66	62	38
66	62	38
66	62	38
66	60	38
66	60	38
66	60	38
67	60	43
67	60	43
67	60	43
67	60	43
67	60	43
67	60	43
67	60	43
67	60	43
67	60	43
67	60	43
65	60	43
65	60	43
65	60	43
65	60	43
65	60	43
65	60	43
65	60	43
65	58	43
65	58	43
65	58	43
63	58	43
63	58	43
63	58	43
63	58	43
63	58	43
63	58	43
63	58	43
63	58	43
63	58	43
63	58	43
62	58	46
62	58	46
62	58	46
62	58	46
62	58	46
62	58	46
62	58	46
62	60	46
62	60	46
62	60	46
60	60	45
60	60	45
60	60	45
60	60	45
60	60	45
60	60	45
60	60	45
60	58	45
60	58	45
60	58	45
58	58	43
58	58	43
58	58	43
58	58	43
58	58	43
58	58	43
58	58	43
58	57	43
58	57	43
58	57	43
57	57	42
57	57	42
57	57	42
57	57	42
57	57	42
57	57	42
57	57	42
57	57	42
57	57	42
57	57	42
58	57	43
58	57	43
58	57	43
58	57	43
58	57	43
58	57	43
58	57	43
58	57	43
58	57	43
58	57	43
60	57	45
60	57	45
60	57	45
60	57	45
60	57	45
60	57	45
60	57	45
60	55	45
60	55	45
60	55	45
60	55	45
60	55	45
60	57	45
60	57	45
60	57	45
60	57	45
60	57	45
60	58	45
60	58	45
60	58	45
60	58	38
60	58	38
60	58	38
60	58	38
60	58	38
60	58	38
60	58	38
60	60	38
60	60	38
60	60	38
58	60	38
58	60	38
58	62	38
58	62	38
58	62	38
57	62	38
57	62	38
57	60	38
57	60	38
57	60	38
58	60	43
58	60	43
58	60	43
58	60	43
58	60	43
58	60	43
58	60	43
58	60	43
58	60	43
58	60	43
60	60	43
60	60	43
60	58	43
60	58	43
60	60	43
60	60	43
60	60	43
60	62	43
60	62	43
60	62	43
62	62	43
62	62	43
62	62	43
62	62	43
62	62	43
62	62	43
62	62	43
62	60	43
62	60	43
62	60	43
62	60	41
62	60	41
62	60	41
62	60	41
62	60	41
62	60	41
62	60	41
62	58	41
62	58	41
62	58	41
63	58	39
63	58	39
63	58	39
63	58	39
63	58	39
63	58	39
63	58	39
63	57	39
63	57	39
63	57	39
65	57	39
65	57	39
65	57	39
65	57	39
65	57	39
67	57	39
67	57	39
67	55	39
67	55	39
67	55	39
60	55	39
60	55	39
60	55	39
60	55	39
60	55	39
60	55	39
60	55	39
60	55	39
60	55	39
60	55	39
60	55	39
60	55	39
60	55	39
60	55	39
60	55	39
60	55	39
60	55	39
60	54	39
60	54	39
60	54	39
0	54	38
0	54	38
0	54	38
0	54	38
0	54	38
0	54	38
0	54	38
0	55	38
0	55	38
0	55	38
62	55	38
62	55	38
62	55	38
62	55	38
62	55	38
62	55	38
62	55	38
62	0	38
62	0	38
62	0	38
63	0	36
63	0	36
63	0	36
63	0	36
63	0	36
63	0	36
63	0	36
63	55	36
63	55	36
63	55	36
65	55	38
65	55	38
65	55	38
65	55	38
65	55	38
65	55	38
65	55	38
65	54	38
65	54	38
65	54	38
67	54	39
67	54	39
67	54	39
67	54	39
67	54	39
67	54	39
67	54	39
67	52	39
67	52	39
67	52	39
69	52	41
69	52	41
69	52	41
69	52	41
69	52	41
69	52	41
69	52	41
69	54	41
69	54	41
69	54	41
70	54	43
70	54	43
70	54	43
70	54	43
70	54	43
70	54	43
70	54	43
70	54	43
70	54	43
70	54	43
72	54	45
72	54	45
72	54	45
72	54	45
72	54	45
72	54	45
72	54	45
72	55	45
72	55	45
72	55	45
74	55	46
74	55	46
74	55	46
74	55	46
74	55	46
74	55	46
74	55	46
74	57	46
74	57	46
74	57	46
75	57	48
75	57	48
75	57	48
75	57	48
75	57	48
75	57	48
75	57	48
75	58	48
75	58	48
75	58	48
75	58	50
75	58	50
75	58	50
75	58	50
75	58	50
75	58	50
75	58	50
75	58	50
75	58	50
75	58	50
65	58	48
65	58	48
65	58	48
65	58	48
65	58	48
65	58	48
65	58	48
65	60	48
65	60	48
65	60	48
70	60	50
70	60	50
70	60	50
70	60	50
70	60	50
70	60	50
70	60	50
70	58	50
70	58	50
70	58	50
70	58	51
70	58	51
70	58	51
70	58	51
70	58	51
70	58	51
70	58	51
70	57	51
70	57	51
70	57	51
70	57	53
70	57	53
70	57	53
70	57	53
70	57	53
70	57	53
70	57	53
70	53	53
70	53	53
70	53	53
70	53	53
70	53	53
70	53	53
70	53	53
70	53	53
70	53	53
70	53	53
70	58	53
70	58	53
70	58	53
69	58	41
69	58	41
69	58	41
69	58	41
69	58	41
69	58	41
69	58	41
69	58	41
69	58	41
69	58	41
69	58	41
69	58	41
69	58	41
69	58	41
69	58	41
69	58	41
69	58	41
69	58	41
69	58	41
69	58	41
69	58	34
69	58	34
69	58	34
69	58	34
69	58	34
69	58	34
69	58	34
69	58	34
69	58	34
69	58	34
69	58	34
69	58	34
69	58	34
69	58	34
69	58	34
69	58	34
69	58	34
69	57	34
69	57	34
69	57	34
67	57	46
67	57	46
67	57	46
67	57	46
67	57	46
67	57	46
67	57	46
67	57	46
67	57	46
67	57	46
65	57	46
65	57	46
65	57	46
65	57	46
65	57	46
65	57	46
65	57	46
65	57	46
65	57	46
65	57	46
64	57	46
64	57	46
64	57	46
64	57	46
64	57	46
64	57	46
64	57	46
64	57	46
64	57	46
64	57	46
66	57	45
66	57	45
66	57	45
66	57	45
66	57	45
66	57	45
66	57	45
66	55	45
66	55	45
66	55	45
67	55	43
67	55	43
67	55	43
67	55	43
67	55	43
67	55	43
67	55	43
67	55	43
67	55	43
67	55	43
69	55	41
69	55	41
69	55	41
69	55	41
69	55	41
69	55	41
69	55	41
69	53	41
69	53	41
69	53	41
70	53	40
70	53	40
70	53	40
70	53	40
70	53	40
70	53	40
70	53	40
70	57	40
70	57	40
70	57	40
70	57	38
70	57	38
70	57	38
70	57	38
70	57	38
70	57	38
70	57	38
70	58	38
70	58	38
70	58	38
69	58	37
69	58	37
69	58	37
69	58	37
69	58	37
69	58	37
69	58	37
69	60	37
69	60	37
69	60	37
67	60	33
67	60	33
67	60	33
67	60	33
67	60	33
67	60	33
67	60	33
67	62	33
67	62	33
67	62	33
65	62	38
65	62	38
65	62	38
65	62	38
65	62	38
65	62	38
65	62	38
65	63	38
65	63	38
65	63	38
67	63	40
67	63	40
67	63	40
67	63	40
67	63	40
67	63	40
67	63	40
67	65	40
67	65	40
67	65	40
69	65	41
69	65	41
69	65	41
69	65	41
69	65	41
69	65	41
69	65	41
69	63	41
69	63	41
69	63	41
70	63	43
70	63	43
70	63	43
70	63	43
70	63	43
70	63	43
70	63	43
70	62	43
70	62	43
70	62	43
65	62	45
65	62	45
65	62	45
65	62	45
65	62	45
65	62	45
65	62	45
65	60	45
65	60	45
65	60	45
65	60	43
65	60	43
65	60	43
65	60	43
65	60	43
65	60	43
65	60	43
65	58	43
65	58	43
65	58	43
64	58	45
64	58	45
64	58	45
64	58	45
64	58	45
64	58	45
64	58	45
64	57	45
64	57	45
64	57	45
64	57	33
64	57	33
64	57	33
64	57	33
64	57	33
64	57	33
64	57	33
64	55	33
64	55	33
64	55	33
62	55	38
62	55	38
62	55	38
62	55	38
62	55	38
62	55	38
62	55	38
62	57	38
62	57	38
62	57	38
62	57	37
62	57	37
62	57	37
62	57	37
62	57	37
62	57	37
62	57	37
62	58	37
62	58	37
62	58	37
0	58	38
0	58	38
0	58	38
0	58	38
0	58	38
0	58	38
0	58	38
0	62	38
0	62	38
0	62	38
0	62	40
0	62	40
0	62	40
0	62	40
0	62	40
0	62	40
0	62	40
0	67	40
0	67	40
0	67	40
62	67	41
62	67	41
62	67	41
62	67	41
62	67	41
62	67	41
62	67	41
62	65	41
62	65	41
62	65	41
62	65	40
62	65	40
62	65	40
62	65	40
62	65	40
62	65	40
62	65	40
62	64	40
62	64	40
62	64	40
69	64	41
69	64	41
69	64	41
69	64	41
69	64	41
69	64	41
69	64	41
69	64	41
69	64	41
69	64	41
69	64	43
69	64	43
69	64	43
69	64	43
69	64	43
69	64	43
69	64	43
69	64	43
69	64	43
69	64	43
69	64	45
69	64	45
69	64	45
69	64	45
69	64	45
69	64	45
69	64	45
69	64	45
69	64	45
69	64	45
70	64	43
70	64	43
70	64	43
70	64	43
70	64	43
70	64	43
70	64	43
70	62	43
70	62	43
70	62	43
69	62	41
69	62	41
69	62	41
69	62	41
69	62	41
69	62	41
69	62	41
69	62	41
69	62	41
69	62	41
67	62	43
67	62	43
67	62	43
67	62	43
67	62	43
67	62	45
67	62	45
67	62	45
67	62	45
67	62	45
65	62	46
65	62	46
65	62	46
65	62	46
65	62	46
65	62	45
65	62	45
65	62	45
65	62	45
65	62	45
67	62	46
67	62	46
67	62	46
67	62	46
67	62	46
67	62	46
67	62	46
67	61	46
67	61	46
67	61	46
69	61	37
69	61	37
69	61	37
69	61	37
69	61	37
69	61	37
69	61	37
69	61	37
69	61	37
69	61	37
69	61	37
69	61	37
69	61	37
69	61	37
69	61	37
69	61	37
69	61	37
69	50	37
69	50	37
69	50	37
62	50	38
62	50	38
62	50	38
62	50	38
62	50	38
62	50	38
62	50	38
62	50	38
62	50	38
62	50	38
62	50	38
62	50	38
62	50	38
62	50	38
62	50	38
62	50	38
62	50	38
62	57	38
62	57	38
62	57	38
0	57	40
0	57	40
0	57	40
0	57	40
0	57	40
0	57	40
0	57	40
0	57	40
0	57	40
0	57	40
67	57	40
67	57	40
67	57	40
67	57	40
67	57	40
67	57	40
67	57	40
67	57	40
67	57	40
67	57	40
67	57	41
67	57	41
67	57	41
67	57	41
67	57	41
67	57	41
67	57	41
67	58	41
67	58	41
67	58	41
65	58	38
65	58	38
65	58	38
65	58	38
65	58	38
65	58	38
65	58	38
65	57	38
65	57	38
65	57	38
64	57	45
64	57	45
64	57	45
64	57	45
64	57	45
64	57	45
64	57	45
64	55	45
64	55	45
64	55	45
64	55	43
64	55	43
64	55	43
64	55	43
64	55	43
64	55	43
64	55	43
64	53	43
64	53	43
64	53	43
62	53	42
62	53	42
62	53	42
62	53	42
62	53	42
62	53	42
62	53	42
62	55	42
62	55	42
62	55	42
62	55	43
62	55	43
62	55	43
62	55	43
62	55	43
62	55	43
62	55	43
62	57	43
62	57	43
62	57	43
0	57	43
0	57	43
0	57	43
0	57	43
0	57	43
0	57	43
0	57	43
0	57	43
0	57	43
0	57	43
72	57	42
72	57	42
72	57	42
72	57	42
72	57	42
72	57	42
72	57	42
72	50	42
72	50	42
72	50	42
72	50	43
72	50	43
72	50	43
72	50	43
72	50	43
72	50	43
72	50	43
72	50	43
72	50	43
72	50	43
70	50	52
70	50	52
70	50	52
70	50	52
70	50	52
70	50	52
70	50	52
70	0	52
70	0	52
70	0	52
69	0	49
69	0	49
69	0	49
69	0	49
69	0	49
69	0	49
69	0	49
69	55	49
69	55	49
69	55	49
69	55	50
69	55	50
69	55	50
69	55	50
69	55	50
69	55	50
69	55	50
69	55	50
69	55	50
69	55	50
69	55	46
69	55	46
69	55	46
69	55	46
69	55	46
67	55	46
67	55	46
67	53	46
67	53	46
67	53	46
69	53	45
69	53	45
69	53	45
69	53	45
69	53	45
70	53	45
70	53	45
70	52	45
70	52	45
70	52	45
67	52	46
67	52	46
67	52	46
67	52	46
67	52	46
67	52	46
67	52	46
67	52	46
67	52	46
67	52	46
67	52	46
67	52	46
67	52	46
67	52	46
67	52	46
69	52	46
69	52	46
69	50	46
69	50	46
69	50	46
69	50	45
69	50	45
69	50	45
69	50	45
69	50	45
69	50	45
69	50	45
69	50	45
69	50	45
69	50	45
69	50	45
69	50	45
69	50	45
69	50	45
69	50	45
69	50	45
69	50	45
69	0	45
69	0	45
69	0	45
74	0	0
74	0	0
74	0	0
74	0	0
74	0	0
74	0	0
74	0	0
74	60	0
74	60	0
74	60	0
74	60	0
74	60	0
74	60	0
74	60	0
74	60	0
74	60	0
74	60	0
74	60	0
74	60	0
74	60	0
74	60	46
74	60	46
74	60	46
74	60	46
74	60	46
74	60	46
74	60	46
74	58	46
74	58	46
74	58	46
75	58	46
75	58	46
75	58	46
75	58	46
75	58	46
75	58	46
75	58	46
75	57	46
75	57	46
75	57	46
74	57	51
74	57	51
74	57	51
74	57	51
74	57	51
74	57	51
74	57	51
74	57	51
74	57	51
74	57	51
72	57	51
72	57	51
72	57	51
72	57	51
72	57	51
72	57	51
72	57	51
72	55	51
72	55	51
72	55	51
71	55	51
71	55	51
71	55	51
71	55	51
71	55	51
71	55	51
71	55	51
71	55	51
71	55	51
71	55	51
72	55	53
72	55	53
72	55	53
72	55	53
72	55	53
72	55	53
72	55	53
72	0	53
72	0	53
72	0	53
74	0	51
74	0	51
74	0	51
74	0	51
74	0	51
74	0	51
74	0	51
74	53	51
74	53	51
74	53	51
74	53	50
74	53	50
74	53	50
74	53	50
74	53	50
74	53	50
74	53	50
74	62	50
74	62	50
74	62	50
67	62	48
67	62	48
67	62	48
67	62	48
67	62	48
67	62	48
67	62	48
67	61	48
67	61	48
67	61	48
67	61	47
67	61	47
67	61	47
67	61	47
67	61	47
67	61	47
67	61	47
67	62	47
67	62	47
67	62	47
72	62	48
72	62	48
72	62	48
72	62	48
72	62	48
72	62	48
72	62	48
72	62	48
72	62	48
72	62	48
72	62	50
72	62	50
72	62	50
72	62	50
72	62	50
72	62	50
72	62	50
72	61	50
72	61	50
72	61	50
72	61	52
72	61	52
72	61	52
72	61	52
72	61	52
72	61	52
72	61	52
72	61	52
72	61	52
72	61	52
70	61	52
70	61	52
70	61	52
70	61	52
70	61	52
70	61	52
70	61	52
70	62	52
70	62	52
70	62	52
69	62	53
69	62	53
69	62	53
69	62	53
69	62	53
69	62	53
69	62	53
69	62	53
69	62	53
69	62	53
69	62	51
69	62	51
69	62	51
69	62	51
69	62	51
69	62	51
69	62	51
69	67	51
69	67	51
69	67	51
69	67	50
69	67	50
69	67	50
69	67	50
69	67	50
69	67	50
69	67	50
69	67	50
69	67	50
69	67	50
69	67	48
69	67	48
69	67	48
69	67	48
69	67	48
69	67	48
69	67	48
69	67	48
69	67	48
69	67	48
67	67	47
67	67	47
67	67	47
67	67	47
67	67	47
67	67	47
67	67	47
67	69	47
67	69	47
67	69	47
67	69	43
67	69	43
67	69	43
67	69	43
67	69	43
67	69	43
67	69	43
67	67	43
67	67	43
67	67	43
67	67	48
67	67	48
67	67	48
67	67	48
67	67	48
67	67	48
67	67	48
67	67	48
67	67	48
67	67	48
67	67	50
67	67	50
67	67	50
67	67	50
67	67	50
67	67	50
67	67	50
67	67	50
67	67	50
67	67	50
72	67	48
72	67	48
72	67	48
72	67	48
72	67	48
72	67	48
72	67	48
72	65	48
72	65	48
72	65	48
72	65	46
72	65	46
72	65	46
72	65	46
72	65	46
72	65	46
72	65	46
72	64	46
72	64	46
72	64	46
72	64	45
72	64	45
72	64	45
72	64	45
72	64	45
72	64	45
72	64	45
72	64	45
72	64	45
72	64	45
74	64	46
74	64	46
74	64	46
74	64	46
74	64	46
74	64	46
74	64	46
74	64	46
74	64	46
74	64	46
72	64	45
72	64	45
72	64	45
72	64	45
72	64	45
72	64	45
72	64	45
72	65	45
72	65	45
72	65	45
70	65	43
70	65	43
70	65	43
70	65	43
70	65	43
70	65	43
70	65	43
70	67	43
70	67	43
70	67	43
69	67	41
69	67	41
69	67	41
69	67	41
69	67	41
69	67	41
69	67	41
69	67	41
69	67	41
69	67	41
70	67	51
70	67	51
70	67	51
70	67	51
70	67	51
70	67	51
70	67	51
70	60	51
70	60	51
70	60	51
72	60	50
72	60	50
72	60	50
72	60	50
72	60	50
72	60	50
72	60	50
72	60	50
72	60	50
72	60	50
72	60	48
72	60	48
72	60	48
72	60	48
72	60	48
72	60	48
72	60	48
72	65	48
72	65	48
72	65	48
65	65	46
65	65	46
65	65	46
65	65	46
65	65	46
65	65	46
65	65	46
65	65	46
65	65	46
65	65	46
65	65	48
65	65	48
65	65	48
65	65	48
65	65	48
65	65	48
65	65	48
65	65	48
65	65	48
65	65	48
70	65	46
70	65	46
70	65	46
70	65	46
70	65	46
70	65	46
70	65	46
70	65	46
70	65	46
70	65	46
70	65	44
70	65	44
70	65	44
70	65	44
70	65	44
70	65	44
70	65	44
70	64	44
70	64	44
70	64	44
70	64	43
70	64	43
70	64	43
70	64	43
70	64	43
70	64	43
70	64	43
70	64	43
70	64	43
70	64	43
68	64	41
68	64	41
68	64	41
68	64	41
68	64	41
68	64	41
68	64	41
68	0	41
68	0	41
68	0	41
67	0	39
67	0	39
67	0	39
67	0	39
67	0	39
67	0	39
67	0	39
67	0	39
67	0	39
67	0	39
72	0	36
72	0	36
72	0	36
72	0	36
72	0	36
72	0	36
72	0	36
72	60	36
72	60	36
72	60	36
65	60	38
65	60	38
65	60	38
65	60	38
65	60	38
65	60	38
65	60	38
65	60	38
65	60	38
65	60	38
70	60	34
70	60	34
70	60	34
70	60	34
70	60	34
70	60	34
70	60	34
70	65	34
70	65	34
70	65	34
70	65	41
70	65	41
70	65	41
70	65	41
70	65	41
70	65	41
70	65	41
70	65	41
70	65	41
70	65	41
69	65	29
69	65	29
69	65	29
69	65	29
69	65	29
69	65	29
69	65	29
69	65	29
69	65	29
69	65	29
70	65	34
70	65	34
70	65	34
70	65	34
70	65	34
70	65	34
70	65	34
70	67	34
70	67	34
70	67	34
70	67	36
70	67	36
70	67	36
70	67	36
70	67	36
70	67	36
70	67	36
70	65	36
70	65	36
70	65	36
65	65	38
65	65	38
65	65	38
65	65	38
65	65	38
65	65	38
65	65	38
65	63	38
65	63	38
65	63	38
65	63	36
65	63	36
65	63	36
65	63	36
65	63	36
65	63	36
65	63	36
65	62	36
65	62	36
65	62	36
65	62	34
65	62	34
65	62	34
65	62	34
65	62	34
65	62	34
65	62	34
65	63	34
65	63	34
65	63	34
63	63	46
63	63	46
63	63	46
63	63	46
63	63	46
63	63	46
63	63	46
63	65	46
63	65	46
63	65	46
65	65	45
65	65	45
65	65	45
65	65	45
65	65	45
65	65	45
65	65	45
65	65	45
65	65	45
65	65	45
67	65	43
67	65	43
67	65	43
67	65	43
67	65	43
67	65	43
67	65	43
67	58	43
67	58	43
67	58	43
69	58	41
69	58	41
69	58	41
69	58	41
69	58	41
69	58	41
69	58	41
69	58	41
69	58	41
69	58	41
67	58	41
67	58	41
67	58	41
67	58	41
67	58	41
67	58	41
67	58	41
67	63	41
67	63	41
67	63	41
65	63	46
65	63	46
65	63	46
65	63	46
65	63	46
65	63	46
65	63	46
65	63	46
65	63	46
65	63	46
65	63	46
65	63	46
65	63	46
65	63	46
65	63	46
65	63	46
65	63	46
65	63	46
65	63	46
65	63	46
72	63	46
72	63	46
72	63	46
72	63	46
72	63	46
72	63	46
72	63	46
72	62	46
72	62	46
72	62	46
72	62	46
72	62	46
72	62	46
72	62	46
72	62	46
72	62	46
72	62	46
72	60	46
72	60	46
72	60	46
65	60	45
65	60	45
65	60	45
65	60	45
65	60	45
65	60	45
65	60	45
65	60	45
65	60	45
65	60	45
65	60	45
65	60	45
65	60	45
65	60	45
65	60	45
65	60	45
65	60	45
65	58	45
65	58	45
65	58	45
65	58	46
65	58	46
65	58	46
65	58	46
65	58	46
65	58	46
65	58	46
65	57	46
65	57	46
65	57	46
67	57	45
67	57	45
67	57	45
67	57	45
67	57	45
67	57	45
67	57	45
67	58	45
67	58	45
67	58	45
69	58	43
69	58	43
69	58	43
69	58	43
69	58	43
69	58	43
69	58	43
69	60	43
69	60	43
69	60	43
69	60	42
69	60	42
69	60	42
69	60	42
69	60	42
69	60	42
69	60	42
69	62	42
69	62	42
69	62	42
70	62	43
70	62	43
70	62	43
70	62	43
70	62	43
70	62	43
70	62	43
70	60	43
70	60	43
70	60	43
70	60	43
70	60	43
70	60	43
70	60	43
70	60	43
70	60	43
70	60	43
70	62	43
70	62	43
70	62	43
70	62	38
70	62	38
70	62	38
70	62	38
70	62	38
70	62	38
70	62	38
70	64	38
70	64	38
70	64	38
70	64	40
70	64	40
70	64	40
70	64	40
70	64	40
70	64	40
70	64	40
70	65	40
70	65	40
70	65	40
0	65	41
0	65	41
0	65	41
0	65	41
0	65	41
0	65	41
0	65	41
0	63	41
0	63	41
0	63	41
69	63	41
69	63	41
69	63	41
69	63	41
69	63	41
69	63	41
69	63	41
69	63	41
69	63	41
69	63	41
67	63	34
67	63	34
67	63	34
67	63	34
67	63	34
67	63	34
67	63	34
67	62	34
67	62	34
67	62	34
65	62	34
65	62	34
65	62	34
65	62	34
65	62	34
65	62	34
65	62	34
65	63	34
65	63	34
65	63	34
64	63	36
64	63	36
64	63	36
64	63	36
64	63	36
64	63	36
64	63	36
64	62	36
64	62	36
64	62	36
64	62	36
64	62	36
64	62	36
64	62	36
64	62	36
64	62	36
64	62	36
64	60	36
64	60	36
64	60	36
66	60	38
66	60	38
66	60	38
66	60	38
66	60	38
66	60	38
66	60	38
66	63	38
66	63	38
66	63	38
66	63	38
66	63	38
66	63	38
66	63	38
66	63	38
66	63	38
66	63	38
66	62	38
66	62	38
66	62	38
67	62	39
67	62	39
67	62	39
67	62	39
67	62	39
67	62	39
67	62	39
67	62	39
67	62	39
67	62	39
67	62	38
67	62	38
67	62	38
67	62	38
67	62	38
67	62	38
67	62	38
67	62	38
67	62	38
67	62	38
67	62	36
67	62	36
67	62	36
67	62	36
67	62	36
67	62	36
67	62	36
67	62	36
67	62	36
67	62	36
67	62	34
67	62	34
67	62	34
67	62	34
67	62	34
67	62	34
67	62	34
67	0	34
67	0	34
67	0	34
65	0	32
65	0	32
65	0	32
65	0	32
65	0	32
65	0	32
65	0	32
65	64	32
65	64	32
65	64	32
65	64	32
65	64	32
65	64	32
65	64	32
65	64	32
65	64	32
65	64	32
65	65	32
65	65	32
65	65	32
65	65	31
65	65	31
65	65	31
65	65	31
65	65	31
65	65	31
65	65	31
65	67	31
65	67	31
65	67	31
65	67	31
65	67	31
65	67	31
65	67	31
65	67	31
65	67	31
65	67	31
65	60	31
65	60	31
65	60	31
63	60	36
63	60	36
63	60	36
63	60	36
63	60	36
63	60	36
63	60	36
63	60	36
63	60	36
63	60	36
65	60	38
65	60	38
65	60	38
65	60	38
65	60	38
65	60	38
65	60	38
65	62	38
65	62	38
65	62	38
67	62	39
67	62	39
67	62	39
67	62	39
67	62	39
67	62	39
67	62	39
67	62	39
67	62	39
67	62	39
68	62	41
68	62	41
68	62	41
68	62	41
68	62	41
68	62	41
68	62	41
68	62	41
68	62	41
68	62	41
62	62	43
62	62	43
62	62	43
62	62	43
62	62	43
62	62	43
62	62	43
62	60	43
62	60	43
62	60	43
63	60	43
63	60	43
63	60	43
63	60	43
63	60	43
63	60	43
63	60	43
63	58	43
63	58	43
63	58	43
65	58	0
65	58	0
65	58	0
65	58	0
65	58	0
65	58	0
65	58	0
65	57	0
65	57	0
65	57	0
67	57	43
67	57	43
67	57	43
67	57	43
67	57	43
67	57	43
67	57	43
67	55	43
67	55	43
67	55	43
63	55	48
63	55	48
63	55	48
63	55	48
63	55	48
63	55	48
63	55	48
63	58	48
63	58	48
63	58	48
62	58	50
62	58	50
62	58	50
62	58	50
62	58	50
62	58	50
62	58	50
62	63	50
62	63	50
62	63	50
60	63	51
60	63	51
60	63	51
60	63	51
60	63	51
60	63	51
60	63	51
60	63	51
60	63	51
60	63	51
58	63	48
58	63	48
58	63	48
58	63	48
58	63	48
58	63	48
58	63	48
58	63	48
58	63	48
58	63	48
57	63	50
57	63	50
57	63	50
57	63	50
57	63	50
57	63	50
57	63	50
57	62	50
57	62	50
57	62	50
57	62	48
57	62	48
57	62	48
57	62	48
57	62	48
57	62	48
57	62	48
57	60	48
57	60	48
57	60	48
58	60	46
58	60	46
58	60	46
58	60	46
58	60	46
58	60	46
58	60	46
58	59	46
58	59	46
58	59	46
60	59	45
60	59	45
60	59	45
60	59	45
60	59	45
60	59	45
60	59	45
60	60	45
60	60	45
60	60	45
62	60	43
62	60	43
62	60	43
62	60	43
62	60	43
62	60	43
62	60	43
62	60	43
62	60	43
62	60	43
62	60	43
62	60	43
62	60	43
62	60	43
62	60	43
62	60	43
62	60	43
62	60	43
62	60	43
62	60	43
64	60	48
64	60	48
64	60	48
64	60	48
64	60	48
64	60	48
64	60	48
64	60	48
64	60	48
64	60	48
66	60	48
66	60	48
66	60	48
66	60	48
66	60	48
66	60	48
66	60	48
66	60	48
66	60	48
66	60	48
67	60	48
67	60	48
67	60	48
67	60	48
67	60	48
67	60	48
67	60	48
67	60	48
67	60	48
67	60	48
67	60	47
67	60	47
67	60	47
67	60	47
67	60	47
67	60	45
67	60	45
67	59	45
67	59	45
67	59	45
67	59	47
67	59	47
67	59	47
67	59	47
67	59	47
67	59	47
67	59	47
67	59	47
67	59	47
67	59	47
65	59	47
65	59	47
65	59	47
65	59	47
65	59	47
65	59	47
65	59	47
65	60	47
65	60	47
65	60	47
64	60	48
64	60	48
64	60	48
64	60	48
64	60	48
64	60	48
64	60	48
64	60	48
64	60	48
64	60	48
66	60	46
66	60	46
66	60	46
66	60	46
66	60	46
66	60	46
66	60	46
66	55	46
66	55	46
66	55	46
67	55	45
67	55	45
67	55	45
67	55	45
67	55	45
67	55	45
67	55	45
67	55	45
67	55	45
67	55	45
67	55	43
67	55	43
67	55	43
67	55	43
67	55	43
67	55	43
67	55	43
67	55	43
67	55	43
67	55	43
67	55	45
67	55	45
67	55	45
67	55	45
67	55	45
67	55	45
67	55	45
67	54	45
67	54	45
67	54	45
67	54	46
67	54	46
67	54	46
67	54	46
67	54	46
67	54	46
67	54	46
67	55	46
67	55	46
67	55	46
66	55	48
66	55	48
66	55	48
66	55	48
66	55	48
66	55	48
66	55	48
66	57	48
66	57	48
66	57	48
66	57	50
66	57	50
66	57	50
66	57	50
66	57	50
66	57	50
66	57	50
66	58	50
66	58	50
66	58	50
67	58	43
67	58	43
67	58	43
67	58	43
67	58	43
67	58	55
67	58	55
67	57	55
67	57	55
67	57	55
67	57	53
67	57	53
67	57	53
67	57	53
67	57	53
67	57	51
67	57	51
67	55	51
67	55	51
67	55	51
66	55	50
66	55	50
66	55	50
66	55	50
66	55	50
66	55	50
66	55	50
66	55	50
66	55	50
66	55	50
67	55	50
67	55	50
67	55	50
67	55	50
67	55	50
67	55	50
67	55	50
67	62	50
67	62	50
67	62	50
69	62	50
69	62	50
69	62	50
69	62	50
69	62	50
69	62	50
69	62	50
69	62	50
69	62	50
69	62	50
72	62	46
72	62	46
72	62	46
72	62	46
72	62	46
72	62	46
72	62	46
72	55	46
72	55	46
72	55	46
70	55	48
70	55	48
70	55	48
70	55	48
70	55	48
70	55	48
70	55	48
70	55	48
70	55	48
70	55	48
69	55	50
69	55	50
69	55	50
69	55	50
69	55	50
69	55	50
69	55	50
69	55	50
69	55	50
69	55	50
67	55	51
67	55	51
67	55	51
67	55	51
67	55	51
67	55	51
67	55	51
67	57	51
67	57	51
67	57	51
65	57	50
65	57	50
65	57	50
65	57	50
65	57	50
65	57	50
65	57	50
65	58	50
65	58	50
65	58	50
63	58	48
63	58	48
63	58	48
63	58	48
63	58	48
63	58	48
63	58	48
63	58	48
63	58	48
63	58	48
62	58	48
62	58	48
62	58	48
62	58	48
62	58	48
63	58	48
63	58	48
63	60	48
63	60	48
63	60	48
62	60	55
62	60	55
62	60	55
62	60	55
62	60	55
62	60	55
62	60	55
62	60	55
62	60	55
62	60	55
64	60	55
64	60	55
64	60	55
64	60	55
64	60	55
64	60	55
64	60	55
64	60	55
64	60	55
64	60	55
66	60	50
66	60	50
66	60	50
66	60	50
66	60	50
66	60	50
66	60	50
66	60	50
66	60	50
66	60	50
67	60	50
67	60	50
67	60	50
67	60	50
67	60	50
67	60	50
67	60	50
67	58	50
67	58	50
67	58	50
69	58	50
69	58	50
69	58	50
69	58	50
69	58	50
69	58	50
69	58	50
69	60	50
69	60	50
69	60	50
62	60	52
62	60	52
62	60	52
62	60	52
62	60	52
62	60	52
62	60	52
62	62	52
62	62	52
62	62	52
74	62	54
74	62	54
74	62	54
74	62	54
74	62	54
74	62	54
74	62	54
74	64	54
74	64	54
74	64	54
72	64	54
72	64	54
72	64	54
72	64	54
72	64	54
72	64	54
72	64	54
72	66	54
72	66	54
72	66	54
70	66	55
70	66	55
70	66	55
70	66	55
70	66	55
70	66	55
70	66	55
70	50	55
70	50	55
70	50	55
72	50	51
72	50	51
72	50	51
72	50	51
72	50	51
72	50	51
72	50	51
72	52	51
72	52	51
72	52	51
74	52	46
74	52	46
74	52	46
74	52	46
74	52	46
74	52	46
74	52	46
74	54	46
74	54	46
74	54	46
75	54	48
75	54	48
75	54	48
75	54	48
75	54	48
75	54	48
75	54	48
75	55	48
75	55	48
75	55	48
69	55	50
69	55	50
69	55	50
69	55	50
69	55	50
69	55	50
69	55	50
69	55	50
69	55	50
69	55	50
69	55	50
69	55	50
69	55	50
69	55	50
69	55	50
69	55	50
69	55	50
69	55	50
69	55	50
69	55	50
71	55	43
71	55	43
71	55	43
71	55	43
71	55	43
71	55	43
71	55	43
71	57	43
71	57	43
71	57	43
71	57	43
71	57	43
71	57	43
71	57	43
71	57	43
71	57	43
71	57	43
71	58	43
71	58	43
71	58	43
72	58	48
72	58	48
72	58	48
72	58	48
72	58	48
72	58	48
72	58	48
72	58	48
72	58	48
72	58	48
70	58	50
70	58	50
70	58	50
70	58	50
70	58	50
70	58	50
70	58	50
70	57	50
70	57	50
70	57	50
69	57	51
69	57	51
69	57	51
69	57	51
69	57	51
69	57	51
69	57	51
69	55	51
69	55	51
69	55	51
67	55	51
67	55	51
67	55	51
67	55	51
67	55	51
67	55	51
67	55	51
67	54	51
67	54	51
67	54	51
66	54	50
66	54	50
66	54	50
66	54	50
66	54	50
66	54	50
66	54	50
66	55	50
66	55	50
66	55	50
66	55	50
66	55	50
66	55	50
66	55	50
66	55	50
66	55	50
66	55	50
66	57	50
66	57	50
66	57	50
67	57	50
67	57	50
67	57	50
67	57	50
67	57	50
67	57	50
67	57	50
67	57	50
67	57	50
67	57	50
67	57	50
67	57	50
67	57	50
67	57	50
67	57	50
67	57	50
67	57	50
67	57	50
67	57	50
67	57	50
67	57	0
67	57	0
67	57	0
67	57	0
67	57	0
67	57	0
67	57	0
67	55	0
67	55	0
67	55	0
65	55	0
65	55	0
65	54	0
65	54	0
65	54	0
65	54	0
65	54	0
65	55	0
65	55	0
65	55	0
63	55	0
63	55	0
63	55	0
63	55	0
63	55	0
63	55	0
63	55	0
63	55	0
63	55	0
63	55	0
62	55	0
62	55	0
62	55	0
62	55	0
62	55	0
62	55	0
62	55	0
62	55	0
62	55	0
62	55	0
63	55	0
63	55	0
63	55	0
63	55	0
63	55	0
63	55	0
63	55	0
63	53	0
63	53	0
63	53	0
62	53	0
62	53	0
62	53	0
62	53	0
62	53	0
62	53	0
62	53	0
62	51	0
62	51	0
62	51	0
60	51	0
60	51	0
60	51	0
60	51	0
60	51	0
60	51	0
60	51	0
60	50	0
60	50	0
60	50	0
60	50	0
60	50	0
60	50	0
60	50	0
60	50	0
60	50	0
60	50	0
60	51	0
60	51	0
60	51	0
60	51	38
60	51	38
60	51	38
60	51	38
60	51	38
60	51	38
60	51	38
60	55	38
60	55	38
60	55	38
58	55	38
58	55	38
58	55	38
58	55	38
58	55	38
57	55	38
57	55	38
57	60	38
57	60	38
57	60	38
58	60	31
58	60	31
58	60	31
58	60	31
58	60	31
58	60	31
58	60	31
58	60	31
58	60	31
58	60	31
60	60	31
60	60	31
60	60	31
60	60	31
60	60	31
60	60	31
60	60	31
60	60	31
60	60	31
60	60	31
62	60	31
62	60	31
62	60	31
62	60	31
62	60	31
62	60	31
62	60	31
62	58	31
62	58	31
62	58	31
62	58	30
62	58	30
62	58	30
62	58	30
62	58	30
62	58	30
62	58	30
62	57	30
62	57	30
62	57	30
55	57	31
55	57	31
55	57	31
55	57	31
55	57	31
55	57	31
55	57	31
55	55	31
55	55	31
55	55	31
55	55	33
55	55	33
55	55	33
55	55	33
55	55	33
55	55	33
55	55	33
55	57	33
55	57	33
55	57	33
55	57	34
55	57	34
55	57	34
55	57	34
55	57	34
55	57	34
55	57	34
55	57	34
55	57	34
55	57	34
54	57	33
54	57	33
54	57	33
54	57	33
54	57	33
54	57	33
54	57	33
54	59	33
54	59	33
54	59	33
55	59	31
55	59	31
55	59	31
55	59	31
55	59	31
55	59	31
55	59	31
55	59	31
55	59	31
55	59	31
57	59	31
57	59	31
57	59	31
57	59	31
57	59	31
57	59	31
57	59	31
57	60	31
57	60	31
57	60	31
58	60	38
58	60	38
58	60	38
58	60	38
58	60	38
58	60	38
58	60	38
58	58	38
58	58	38
58	58	38
57	58	38
57	58	38
57	58	38
57	58	38
57	58	38
57	58	38
57	58	38
57	57	38
57	57	38
57	57	38
55	57	31
55	57	31
55	57	31
55	57	31
55	57	31
55	57	31
55	57	31
55	55	31
55	55	31
55	55	31
55	55	31
55	55	31
55	55	31
55	55	31
55	55	31
55	55	31
55	55	31
55	54	31
55	54	31
55	54	31
62	54	31
62	54	31
62	54	31
62	54	31
62	54	31
62	54	31
62	54	31
62	54	31
62	54	31
62	54	31
62	54	33
62	54	33
62	54	33
62	54	33
62	54	33
62	54	33
62	54	33
62	55	33
62	55	33
62	55	33
55	55	35
55	55	35
55	55	35
55	55	35
55	55	35
55	55	35
55	55	35
55	57	35
55	57	35
55	57	35
55	57	35
55	57	35
55	57	35
55	57	35
55	57	35
55	57	35
55	57	35
55	58	35
55	58	35
55	58	35
55	58	36
55	58	36
55	58	36
55	58	36
55	58	36
55	58	36
55	58	36
55	57	36
55	57	36
55	57	36
57	57	36
57	57	36
57	57	36
57	57	36
57	57	36
57	57	36
57	57	36
57	58	36
57	58	36
57	58	36
59	58	38
59	58	38
59	58	38
59	58	38
59	58	38
59	58	38
59	58	38
59	60	38
59	60	38
59	60	38
59	60	38
59	60	38
59	60	38
59	60	38
59	60	38
59	60	38
59	60	38
59	62	38
59	62	38
59	62	38
60	62	39
60	62	39
60	62	39
60	62	39
60	62	39
60	62	39
60	62	39
60	60	39
60	60	39
60	60	39
60	60	41
60	60	41
60	60	41
60	60	41
60	60	41
60	60	41
60	60	41
60	58	41
60	58	41
60	58	41
72	58	39
72	58	39
72	58	39
72	58	39
72	58	39
72	58	39
72	58	39
72	0	39
72	0	39
72	0	39
72	0	38
72	0	38
72	55	38
72	55	38
72	55	38
72	55	38
72	55	38
72	54	38
72	54	38
72	54	38
67	54	36
67	54	36
67	54	36
67	54	36
67	54	36
67	54	36
67	54	36
67	60	36
67	60	36
67	60	36
67	60	38
67	60	38
67	60	38
67	60	38
67	60	38
67	60	38
67	60	38
67	60	38
67	60	38
67	60	38
67	60	39
67	60	39
67	60	39
67	60	39
67	60	39
67	60	39
67	60	39
67	58	39
67	58	39
67	58	39
65	58	45
65	58	45
65	57	45
65	57	45
65	57	45
65	57	41
65	57	41
65	59	41
65	59	41
65	59	41
67	59	48
67	59	48
67	59	48
67	59	48
67	59	48
67	59	48
67	59	48
67	60	48
67	60	48
67	60	48
67	60	48
67	60	48
67	60	48
67	60	48
67	60	48
67	60	48
67	60	48
67	62	48
67	62	48
67	62	48
67	62	39
67	62	39
67	62	39
67	62	39
67	62	39
67	62	39
67	62	39
67	53	39
67	53	39
67	53	39
69	53	41
69	53	41
69	53	41
69	53	41
69	53	41
69	53	41
69	53	41
69	51	41
69	51	41
69	51	41
70	51	43
70	51	43
70	51	43
70	51	43
70	51	43
70	51	43
70	51	43
70	53	43
70	53	43
70	53	43
70	53	42
70	53	42
70	53	42
70	53	42
70	53	42
70	53	42
70	53	42
70	55	42
70	55	42
70	55	42
70	55	43
70	55	43
70	55	43
70	55	43
70	55	43
70	55	43
70	55	43
70	56	43
70	56	43
70	56	43
69	56	45
69	56	45
69	56	45
69	56	45
69	56	45
69	56	45
69	56	45
69	55	45
69	55	45
69	55	45
67	55	46
67	55	46
67	55	46
67	55	46
67	55	46
67	55	46
67	55	46
67	55	46
67	55	46
67	55	46
67	55	48
67	55	48
67	55	48
67	55	48
67	55	48
67	55	48
67	55	48
67	48	48
67	48	48
67	48	48
74	48	45
74	48	45
74	48	45
74	48	45
74	48	45
74	48	45
74	48	45
74	48	45
74	48	45
74	48	45
74	48	47
74	48	47
74	48	47
74	48	47
74	48	47
74	48	47
74	48	47
74	48	47
74	48	47
74	48	47
67	48	48
67	48	48
67	48	48
67	48	48
67	48	48
67	48	48
67	48	48
67	47	48
67	47	48
67	47	48
67	47	50
67	47	50
67	47	50
67	47	50
67	47	50
67	47	50
67	47	50
67	48	50
67	48	50
67	48	50
67	48	48
67	48	48
67	48	48
67	48	48
67	48	48
67	48	48
67	48	48
67	50	48
67	50	48
67	50	48
67	50	46
67	50	46
67	50	46
67	50	46
67	50	46
67	50	46
67	50	46
67	51	46
67	51	46
67	51	46
66	51	45
66	51	45
66	51	45
66	51	45
66	51	45
66	51	45
66	51	45
66	50	45
66	50	45
66	50	45
67	50	43
67	50	43
67	50	43
67	50	43
67	50	43
67	50	43
67	50	43
67	48	43
67	48	43
67	48	43
69	48	42
69	48	42
69	48	42
69	48	42
69	48	42
69	48	42
69	48	42
69	48	42
69	48	42
69	48	42
66	48	51
66	48	51
66	48	51
66	48	51
66	48	51
66	48	51
66	48	51
66	55	51
66	55	51
66	55	51
67	55	50
67	55	50
67	55	50
67	55	50
67	55	50
67	55	50
67	55	50
67	55	50
67	55	50
67	55	50
69	55	48
69	55	48
69	55	48
69	55	48
69	55	48
69	55	48
69	55	48
69	50	48
69	50	48
69	50	48
70	50	46
70	50	46
70	50	46
70	50	46
70	50	46
70	50	46
70	50	46
70	50	46
70	50	46
70	50	46
72	50	45
72	50	45
72	50	45
72	50	45
72	50	45
72	50	45
72	50	45
72	50	45
72	50	45
72	50	45
74	50	43
74	50	43
74	50	43
74	50	43
74	50	43
74	50	43
74	50	43
74	51	43
74	51	43
74	51	43
62	51	41
62	51	41
62	51	41
62	51	41
62	51	41
62	51	41
62	51	41
62	53	41
62	53	41
62	53	41
67	53	39
67	53	39
67	53	39
67	53	39
67	53	39
67	53	39
67	53	39
67	53	39
67	53	39
67	53	39
69	53	39
69	53	39
69	53	39
69	53	39
69	53	39
69	53	39
69	53	39
69	53	39
69	53	39
69	53	39
66	53	38
66	53	38
66	53	38
66	53	38
66	53	38
66	53	38
66	53	38
66	65	38
66	65	38
66	65	38
66	65	38
66	65	38
66	65	38
66	65	38
66	65	38
66	65	38
66	65	38
66	63	38
66	63	38
66	63	38
0	63	43
0	63	43
0	63	43
0	63	43
0	63	43
0	63	43
0	63	43
0	62	43
0	62	43
0	62	43
0	62	43
0	62	43
0	62	43
0	62	43
0	62	43
0	62	43
0	62	43
0	60	43
0	60	43
0	60	43
62	60	43
62	60	43
62	60	43
62	60	43
62	60	43
62	60	43
62	60	43
62	58	43
62	58	43
62	58	43
62	58	44
62	58	44
62	58	44
62	58	44
62	58	44
62	58	44
62	58	44
62	60	44
62	60	44
62	60	44
67	60	43
67	60	43
67	60	43
67	60	43
67	60	43
67	60	43
67	60	43
67	57	43
67	57	43
67	57	43
67	57	41
67	57	41
67	57	41
67	57	41
67	57	41
67	57	41
67	57	41
67	58	41
67	58	41
67	58	41
67	58	39
67	58	39
67	58	39
67	58	39
67	58	39
67	58	39
67	58	39
67	60	39
67	60	39
67	60	39
68	60	41
68	60	41
68	60	41
68	60	41
68	60	41
68	60	41
68	60	41
68	62	41
68	62	41
68	62	41
67	62	43
67	62	43
67	62	43
67	62	43
67	62	43
67	62	43
67	62	43
67	60	43
67	60	43
67	60	43
65	60	43
65	60	43
65	60	43
65	60	43
65	60	43
65	60	43
65	60	43
65	60	43
65	60	43
65	60	43
63	60	36
63	60	36
63	60	36
63	60	36
63	60	36
63	60	36
63	60	36
63	58	36
63	58	36
63	58	36
65	58	38
65	58	38
65	57	38
65	57	38
65	57	38
65	57	38
65	57	38
65	58	38
65	58	38
65	58	38
67	58	39
67	58	39
67	58	39
67	58	39
67	58	39
67	58	39
67	58	39
67	60	39
67	60	39
67	60	39
67	60	39
67	60	39
67	60	39
67	60	39
67	60	39
67	60	39
67	60	39
67	62	39
67	62	39
67	62	39
60	62	41
60	62	41
60	62	41
60	62	41
60	62	41
60	62	41
60	62	41
60	62	41
60	62	41
60	62	41
62	62	41
62	62	41
62	62	41
62	62	41
62	62	41
63	62	41
63	62	41
63	50	41
63	50	41
63	50	41
62	50	34
62	50	34
62	50	34
62	50	34
62	50	34
62	50	34
62	50	34
62	50	34
62	50	34
62	50	34
63	50	34
63	50	34
63	50	34
63	50	34
63	50	34
63	50	34
63	50	34
63	55	34
63	55	34
63	55	34
65	55	34
65	55	34
65	55	34
65	55	34
65	55	34
65	55	34
65	55	34
65	55	34
65	55	34
65	55	34
65	55	33
65	55	33
65	55	33
65	55	33
65	55	33
65	55	33
65	55	33
65	55	33
65	55	33
65	55	33
58	55	34
58	55	34
58	55	34
58	55	34
58	55	34
58	55	34
58	55	34
58	56	34
58	56	34
58	56	34
58	56	36
58	56	36
58	56	36
58	56	36
58	56	36
58	56	36
58	56	36
58	55	36
58	55	36
58	55	36
58	55	38
58	55	38
58	55	38
58	55	38
58	55	38
58	55	38
58	55	38
58	53	38
58	53	38
58	53	38
57	53	36
57	53	36
57	53	36
57	53	36
57	53	36
57	53	36
57	53	36
57	51	36
57	51	36
57	51	36
58	51	34
58	51	34
58	51	34
58	51	34
58	51	34
58	51	34
58	51	34
58	53	34
58	53	34
58	53	34
60	53	44
60	53	44
60	53	44
60	53	44
60	53	44
60	53	44
60	53	44
60	55	44
60	55	44
60	55	44
62	55	43
62	55	43
62	55	43
62	55	43
62	55	43
62	55	43
62	55	43
62	55	43
62	55	43
62	55	43
60	55	43
60	55	43
60	55	43
60	55	43
60	55	43
60	55	43
60	55	43
60	48	43
60	48	43
60	48	43
58	48	43
58	48	43
58	48	43
58	48	43
58	48	43
58	48	43
58	48	43
58	46	43
58	46	43
58	46	43
58	46	43
58	46	43
58	46	43
58	46	43
58	46	43
58	46	43
58	46	43
58	44	43
58	44	43
58	44	43
68	44	0
68	44	0
68	44	0
68	44	0
68	44	0
68	44	0
68	44	0
68	44	0
68	44	0
68	44	0
68	44	41
68	44	41
68	44	41
68	44	41
68	44	41
68	44	41
68	44	41
68	53	41
68	53	41
68	53	41
68	53	39
68	53	39
68	53	39
68	53	39
68	53	39
68	53	39
68	53	39
68	53	39
68	53	39
68	53	39
68	53	38
68	53	38
68	53	38
68	53	38
68	53	38
68	53	38
68	53	38
68	46	38
68	46	38
68	46	38
0	46	39
0	46	39
0	46	39
0	46	39
0	46	39
0	46	39
0	46	39
0	46	39
0	46	39
0	46	39
66	46	39
66	46	39
66	46	39
66	46	39
66	46	39
66	46	39
66	46	39
66	46	39
66	46	39
66	46	39
67	46	51
67	46	51
67	46	51
67	46	51
67	46	51
67	46	51
67	46	51
67	45	51
67	45	51
67	45	51
67	45	50
67	45	50
67	45	50
67	45	50
67	45	50
67	45	50
67	45	50
67	46	50
67	46	50
67	46	50
67	46	48
67	46	48
67	46	48
67	46	48
67	46	48
67	46	48
67	46	48
67	48	48
67	48	48
67	48	48
70	48	50
70	48	50
70	48	50
70	48	50
70	48	50
70	48	50
70	48	50
70	50	50
70	50	50
70	50	50
69	50	51
69	50	51
69	50	51
69	50	51
69	50	51
69	50	51
69	50	51
69	48	51
69	48	51
69	48	51
67	48	48
67	48	48
67	48	48
67	48	48
67	48	48
67	48	48
67	48	48
67	46	48
67	46	48
67	46	48
66	46	50
66	46	50
66	46	50
66	46	50
66	46	50
66	46	50
66	46	50
66	46	50
66	46	50
66	46	50
69	46	50
69	46	50
69	46	50
69	46	50
69	46	50
69	46	50
69	46	50
69	51	50
69	51	50
69	51	50
74	51	50
74	51	50
74	51	50
74	51	50
74	51	50
74	51	50
74	51	50
74	50	50
74	50	50
74	50	50
74	50	48
74	50	48
74	50	48
74	50	48
74	50	48
74	50	48
74	50	48
74	48	48
74	48	48
74	48	48
74	48	46
74	48	46
74	48	46
74	48	46
74	48	46
74	48	46
74	48	46
74	48	46
74	48	46
74	48	46
75	48	48
75	48	48
75	48	48
75	48	48
75	48	48
75	48	48
75	48	48
75	65	48
75	65	48
75	65	48
74	65	50
74	65	50
74	65	50
74	65	50
74	65	50
74	65	50
74	65	50
74	65	50
74	65	50
74	65	50
72	65	50
72	65	50
72	65	50
72	65	50
72	65	50
72	65	50
72	65	50
72	58	50
72	58	50
72	58	50
70	58	43
70	58	43
70	58	43
70	58	43
70	58	43
70	58	43
70	58	43
70	58	43
70	58	43
70	58	43
72	58	45
72	58	45
72	58	45
72	58	45
72	58	45
72	58	45
72	58	45
72	58	45
72	58	45
72	58	45
74	58	47
74	58	47
74	58	47
74	58	47
74	58	47
74	58	47
74	58	47
74	58	47
74	58	47
74	58	47
74	58	47
74	58	47
74	58	47
74	58	47
74	58	47
74	58	47
74	58	47
74	63	47
74	63	47
74	63	47
67	63	48
67	63	48
67	63	48
67	63	48
67	63	48
67	63	48
67	63	48
67	62	48
67	62	48
67	62	48
67	62	46
67	62	46
67	62	46
67	62	46
67	62	46
67	62	46
67	62	46
67	60	46
67	60	46
67	60	46
72	60	45
72	60	45
72	60	45
72	60	45
72	60	45
72	60	45
72	60	45
72	58	45
72	58	45
72	58	45
72	58	43
72	58	43
72	58	43
72	58	43
72	58	43
72	58	43
72	58	43
72	57	43
72	57	43
72	57	43
72	57	42
72	57	42
72	57	42
72	57	42
72	57	42
72	57	42
72	57	42
72	55	42
72	55	42
72	55	42
70	55	43
70	55	43
70	55	43
70	55	43
70	55	43
70	55	43
70	55	43
70	54	43
70	54	43
70	54	43
68	54	38
68	54	38
68	54	38
68	54	38
68	54	38
68	54	38
68	54	38
68	57	38
68	57	38
68	57	38
68	57	50
68	57	50
68	57	50
68	57	50
68	57	50
68	57	50
68	57	50
68	50	50
68	50	50
68	50	50
67	50	51
67	50	51
67	50	51
67	50	51
67	50	51
67	50	51
67	50	51
67	60	51
67	60	51
67	60	51
67	60	43
67	60	43
67	60	43
67	60	43
67	60	43
67	60	43
67	60	43
67	58	43
67	58	43
67	58	43
65	58	45
65	58	45
65	58	45
65	58	45
65	58	45
65	58	45
65	58	45
65	57	45
65	57	45
65	57	45
65	57	47
65	57	47
65	57	47
65	57	47
65	57	47
65	57	47
65	57	47
65	55	47
65	55	47
65	55	47
63	55	48
63	55	48
63	55	48
63	55	48
63	55	48
63	55	48
63	55	48
63	55	48
63	55	48
63	55	48
63	55	45
63	55	45
63	55	45
63	55	45
63	55	45
63	55	45
63	55	45
63	67	45
63	67	45
63	67	45
62	67	42
62	67	42
62	67	42
62	67	42
62	67	42
62	67	42
62	67	42
62	65	42
62	65	42
62	65	42
62	65	43
62	65	43
62	65	43
62	65	43
62	65	43
62	65	43
62	65	43
62	63	43
62	63	43
62	63	43
60	63	40
60	63	40
60	63	40
60	63	40
60	63	40
60	63	40
60	63	40
60	62	40
60	62	40
60	62	40
60	62	42
60	62	42
60	62	42
60	62	42
60	62	42
60	62	42
60	62	42
60	60	42
60	60	42
60	60	42
58	60	43
58	60	43
58	60	43
58	60	43
58	60	43
58	60	43
58	60	43
58	63	43
58	63	43
58	63	43
58	63	31
58	63	31
58	63	31
58	63	31
58	63	31
58	63	31
58	63	31
58	62	31
58	62	31
58	62	31
57	62	38
57	62	38
57	62	38
57	62	38
57	62	38
57	62	38
57	62	38
57	67	38
57	67	38
57	67	38
57	67	38
57	67	38
57	67	38
57	67	38
57	67	38
57	67	38
57	67	38
57	67	38
57	67	38
57	67	38
0	67	0
0	67	0
0	67	0
0	67	0
0	67	0
0	67	0
0	67	0
0	65	0
0	65	0
0	65	0
64	65	0
64	65	0
64	65	0
64	65	0
64	65	0
64	65	0
64	65	0
64	65	0
64	65	0
64	65	0
66	65	50
66	65	50
66	65	50
66	65	50
66	65	50
66	65	50
66	65	50
66	63	50
66	63	50
66	63	50
67	63	50
67	63	50
67	63	50
67	63	50
67	63	50
67	63	50
67	63	50
67	63	50
67	63	50
67	63	50
69	63	50
69	63	50
69	63	50
69	63	50
69	63	50
69	63	50
69	63	50
69	62	50
69	62	50
69	62	50
69	62	50
69	62	50
69	62	50
69	62	50
69	62	50
69	62	50
69	62	50
69	62	50
69	62	50
69	62	50
69	62	55
69	62	55
69	62	55
69	62	55
69	62	55
69	62	55
69	62	55
69	60	55
69	60	55
69	60	55
67	60	55
67	60	55
67	60	55
67	60	55
67	60	55
67	60	55
67	60	55
67	60	55
67	60	55
67	60	55
65	60	55
65	60	55
65	60	55
65	60	55
65	60	55
63	60	55
63	60	55
63	58	55
63	58	55
63	58	55
65	58	55
65	58	55
65	58	55
65	58	55
65	58	55
71	58	55
71	58	55
71	58	55
71	58	55
71	58	55
72	58	55
72	58	55
72	58	55
72	58	55
72	58	55
74	58	55
74	58	55
74	57	55
74	57	55
74	57	55
75	57	55
75	57	55
75	57	55
75	57	55
75	57	55
75	57	55
75	57	55
75	57	55
75	57	55
75	57	55
75	57	56
75	57	56
75	57	56
75	57	56
75	57	56
75	57	56
75	57	56
75	55	56
75	55	56
75	55	56
74	55	56
74	55	56
74	55	56
74	55	56
74	55	56
72	55	56
72	55	56
72	54	56
72	54	56
72	54	56
74	54	55
74	54	55
74	54	55
74	54	55
74	54	55
74	54	55
74	54	55
74	57	55
74	57	55
74	57	55
67	57	55
67	57	55
67	57	55
67	57	55
67	57	55
67	57	55
67	57	55
67	62	55
67	62	55
67	62	55
69	62	53
69	62	53
69	62	53
69	62	53
69	62	53
69	62	53
69	62	53
69	62	53
69	62	53
69	62	53
71	62	53
71	62	53
71	62	53
71	62	53
71	62	53
71	62	53
71	62	53
71	62	53
71	62	53
71	62	53
72	62	51
72	62	51
72	62	51
72	62	51
72	62	51
72	62	51
72	62	51
72	63	51
72	63	51
72	63	51
72	63	51
72	63	51
72	63	51
72	63	51
72	63	51
72	63	51
72	63	51
72	62	51
72	62	51
72	62	51
0	62	53
0	62	53
0	62	53
0	62	53
0	62	53
0	62	53
0	62	53
0	60	53
0	60	53
0	60	53
0	60	53
0	60	53
0	60	53
0	60	53
0	60	53
0	60	53
0	60	53
0	58	53
0	58	53
0	58	53
74	58	55
74	58	55
74	58	55
74	58	55
74	58	55
74	58	55
74	58	55
74	60	55
74	60	55
74	60	55
74	60	55
74	60	55
74	60	55
74	60	55
74	60	55
74	60	55
74	60	55
74	62	55
74	62	55
74	62	55
67	62	55
67	62	55
67	62	55
67	62	55
67	62	55
67	62	55
67	62	55
67	62	55
67	62	55
67	62	55
67	62	55
67	62	55
67	62	55
67	62	55
67	62	55
67	62	55
67	62	55
67	55	55
67	55	55
67	55	55
67	55	48
67	55	48
67	55	48
67	55	48
67	55	48
67	55	48
67	55	48
67	55	48
67	55	48
67	55	48
64	55	48
64	55	48
64	55	48
64	55	48
64	55	48
64	55	48
64	55	48
64	60	48
64	60	48
64	60	48
65	60	48
65	60	48
65	60	48
65	60	48
65	60	48
65	60	48
65	60	48
65	60	48
65	60	48
65	60	48
67	60	48
67	60	48
67	60	48
67	60	48
67	60	48
67	60	48
67	60	48
67	60	48
67	60	48
67	60	48
68	60	53
68	60	53
68	60	53
68	60	53
68	60	53
68	60	53
68	60	53
68	59	53
68	59	53
68	59	53
67	59	53
67	59	53
67	59	53
67	59	53
67	59	53
67	59	53
67	59	53
67	57	53
67	57	53
67	57	53
65	57	53
65	57	53
65	57	53
65	57	53
65	57	53
65	57	53
65	57	53
65	56	53
65	56	53
65	56	53
65	56	53
65	56	53
65	56	53
65	56	53
65	56	53
65	56	53
65	56	53
65	55	53
65	55	53
65	55	53
72	55	53
72	55	53
72	55	53
72	55	53
72	55	53
72	55	53
72	55	53
72	63	53
72	63	53
72	63	53
72	63	53
72	63	53
72	63	53
72	63	53
72	63	53
72	63	53
72	63	53
72	62	53
72	62	53
72	62	53
67	62	51
67	62	51
67	62	51
67	62	51
67	62	51
67	62	51
67	62	51
67	60	51
67	60	51
67	60	51
67	60	51
67	60	51
67	60	51
67	60	51
67	60	51
67	60	51
67	60	51
67	59	51
67	59	51
67	59	51
67	59	50
67	59	50
67	59	50
67	59	50
67	59	50
67	59	50
67	59	50
67	55	50
67	55	50
67	55	50
69	55	50
69	55	50
69	57	50
69	57	50
69	57	50
69	57	50
69	57	50
69	59	50
69	59	50
69	59	50
71	59	50
71	59	50
71	59	50
71	59	50
71	59	50
71	59	50
71	59	50
71	60	50
71	60	50
71	60	50
71	60	50
71	60	50
71	62	50
71	62	50
71	62	50
71	62	50
71	62	50
71	63	50
71	63	50
71	63	50
72	63	48
72	63	48
72	63	48
72	63	48
72	63	48
72	63	48
72	63	48
72	63	48
72	63	48
72	63	48
74	63	48
74	63	48
74	63	48
74	63	48
74	63	48
74	63	48
74	63	48
74	63	48
74	63	48
74	63	48
72	63	53
72	63	53
72	63	53
72	63	53
72	63	53
72	63	53
72	63	53
72	62	53
72	62	53
72	62	53
70	62	53
70	62	53
70	62	53
70	62	53
70	62	53
70	62	53
70	62	53
70	60	53
70	60	53
70	60	53
69	60	53
69	60	53
69	60	53
69	60	53
69	60	53
69	60	53
69	60	53
69	59	53
69	59	53
69	59	53
70	59	55
70	59	55
70	59	55
70	59	55
70	59	55
70	59	55
70	59	55
70	60	55
70	60	55
70	60	55
72	60	53
72	60	53
72	60	53
72	60	53
72	60	53
72	60	53
72	60	53
72	62	53
72	62	53
72	62	53
72	62	51
72	62	51
72	62	51
72	62	51
72	62	51
72	62	51
72	62	51
72	55	51
72	55	51
72	55	51
72	55	50
72	55	50
72	55	50
72	55	50
72	55	50
72	55	50
72	55	50
72	57	50
72	57	50
72	57	50
70	57	51
70	57	51
70	57	51
70	57	51
70	57	51
70	57	51
70	57	51
70	59	51
70	59	51
70	59	51
69	59	53
69	59	53
69	59	53
69	59	53
69	59	53
69	59	53
69	59	53
69	60	53
69	60	53
69	60	53
70	60	53
70	60	53
70	60	53
70	60	53
70	60	53
72	60	53
72	60	53
72	62	53
72	62	53
72	62	53
74	62	46
74	62	46
74	63	46
74	63	46
74	63	46
72	63	46
72	63	46
72	65	46
72	65	46
72	65	46
74	65	46
74	65	46
74	65	46
74	65	46
74	65	46
74	65	46
74	65	46
74	65	46
74	65	46
74	65	46
74	65	51
74	65	51
74	65	51
74	65	51
74	65	51
74	65	51
74	65	51
74	63	51
74	63	51
74	63	51
72	63	51
72	63	51
72	62	51
72	62	51
72	62	51
70	62	51
70	62	51
70	63	51
70	63	51
70	63	51
69	63	51
69	63	51
69	63	51
69	63	51
69	63	51
69	63	51
69	63	51
69	63	51
69	63	51
69	63	51
70	63	50
70	63	50
70	63	50
70	63	50
70	63	50
70	63	50
70	63	50
70	0	50
70	0	50
70	0	50
70	0	48
70	0	48
70	0	48
70	0	48
70	0	48
70	0	48
70	0	48
70	0	48
70	0	48
70	0	48
69	0	48
69	0	48
69	0	48
69	0	48
69	0	48
69	0	48
69	0	48
69	57	48
69	57	48
69	57	48
70	57	46
70	57	46
70	57	46
70	57	46
70	57	46
70	57	46
70	57	46
70	57	46
70	57	46
70	57	46
65	57	44
65	57	44
65	57	44
65	57	44
65	57	44
65	57	44
65	57	44
65	57	44
65	57	44
65	57	44
70	57	43
70	57	43
70	57	43
70	57	43
70	57	43
70	57	41
70	57	41
70	57	41
70	57	41
70	57	41
70	57	43
70	57	43
70	57	43
70	57	43
70	57	43
70	57	44
70	57	44
70	65	44
70	65	44
70	65	44
70	65	38
70	65	38
70	65	38
70	65	38
70	65	38
70	65	38
70	65	38
70	65	38
70	65	38
70	65	38
72	65	34
72	65	34
72	65	34
72	65	34
72	65	34
72	65	34
72	65	34
72	65	34
72	65	34
72	65	34
70	65	36
70	65	36
70	65	36
70	65	36
70	65	36
70	65	36
70	65	36
70	65	36
70	65	36
70	65	36
68	65	38
68	65	38
68	65	38
68	65	38
68	65	38
68	65	38
68	65	38
68	65	38
68	65	38
68	65	38
67	65	39
67	65	39
67	65	39
67	65	39
67	65	39
67	65	39
67	65	39
67	65	39
67	65	39
67	65	39
68	65	41
68	65	41
68	65	41
68	65	41
68	65	41
68	65	41
68	65	41
68	67	41
68	67	41
68	67	41
70	67	43
70	67	43
70	67	43
70	67	43
70	67	43
70	67	43
70	67	43
70	67	43
70	67	43
70	67	43
70	67	44
70	67	44
70	67	44
70	67	44
70	67	44
70	67	46
70	67	46
70	65	46
70	65	46
70	65	46
0	65	48
0	65	48
0	65	48
0	65	48
0	65	48
0	65	48
0	65	48
0	65	48
0	65	48
0	65	48
0	65	50
0	65	50
0	65	50
0	65	50
0	65	50
0	65	51
0	65	51
0	63	51
0	63	51
0	63	51
68	63	41
68	63	41
68	63	41
68	63	41
68	63	41
68	63	41
68	63	41
68	63	41
68	63	41
68	63	41
68	63	43
68	63	43
68	63	43
68	63	43
68	63	43
68	63	44
68	63	44
68	62	44
68	62	44
68	62	44
68	62	34
68	62	34
68	62	34
68	62	34
68	62	34
68	62	34
68	62	34
68	62	34
68	62	34
68	62	34
67	62	46
67	62	46
67	62	46
67	62	46
67	62	46
67	62	46
67	62	46
67	63	46
67	63	46
67	63	46
65	63	46
65	63	46
65	63	46
65	63	46
65	63	46
65	63	46
65	63	46
65	63	46
65	63	46
65	63	46
65	63	47
65	63	47
65	63	47
65	63	47
65	63	47
65	63	47
65	63	47
65	65	47
65	65	47
65	65	47
63	65	48
63	65	48
63	65	48
63	65	48
63	65	48
63	65	48
63	65	48
63	65	48
63	65	48
63	65	48
63	65	47
63	65	47
63	65	47
63	65	47
63	65	47
63	65	47
63	65	47
63	65	47
63	65	47
63	65	47
68	65	48
68	65	48
68	65	48
68	65	48
68	65	48
68	65	48
68	65	48
68	65	48
68	65	48
68	65	48
68	65	50
68	65	50
68	65	50
68	65	50
68	65	50
68	65	50
68	65	50
68	58	50
68	58	50
68	58	50
68	58	51
68	58	51
68	58	51
68	58	51
68	58	51
68	58	51
68	58	51
68	58	51
68	58	51
68	58	51
66	58	50
66	58	50
66	58	50
66	58	50
66	58	50
66	58	50
66	58	50
66	58	50
66	58	50
66	58	50
67	58	48
67	58	48
67	58	48
67	58	48
67	58	48
67	58	48
67	58	48
67	58	48
67	58	48
67	58	48
67	58	46
67	58	46
67	58	46
67	58	46
67	58	46
67	58	46
67	58	46
67	63	46
67	63	46
67	63	46
67	63	45
67	63	45
67	63	45
67	63	45
67	63	45
67	63	45
67	63	45
67	63	45
67	63	45
67	63	45
67	63	46
67	63	46
67	63	46
67	63	46
67	63	46
67	63	46
67	63	46
67	63	46
67	63	46
67	63	46
72	63	45
72	63	45
72	63	45
72	63	45
72	63	45
72	63	45
72	63	45
72	63	45
72	63	45
72	63	45
72	63	43
72	63	43
72	63	43
72	63	43
72	63	43
72	63	43
72	63	43
72	63	43
72	63	43
72	63	43
72	63	42
72	63	42
72	63	42
72	63	42
72	63	42
72	63	42
72	63	42
72	63	42
72	63	42
72	63	42
72	63	54
72	63	54
72	63	54
72	63	54
72	63	54
72	63	55
72	63	55
72	62	55
72	62	55
72	62	55
71	62	56
71	62	56
71	62	56
71	62	56
71	62	56
71	62	56
71	62	56
71	62	56
71	62	56
71	62	56
70	62	50
70	62	50
70	62	50
70	62	50
70	62	50
70	62	50
70	62	50
70	60	50
70	60	50
70	60	50
70	60	51
70	60	51
70	60	51
70	60	51
70	60	51
70	60	51
70	60	51
70	60	51
70	60	51
70	60	51
70	60	53
70	60	53
70	60	52
70	60	52
70	60	53
70	60	53
70	60	52
70	60	51
70	60	51
70	60	0
69	60	53
69	60	0
69	60	0
69	60	0
69	60	0
69	60	0
69	60	0
69	60	0
69	60	0
69	60	0
68	60	50
68	60	50
68	60	50
68	60	50
68	60	50
68	60	50
68	60	50
68	58	50
68	58	50
68	58	50
67	58	47
67	58	47
67	58	47
67	58	47
67	58	47
67	58	47
67	58	47
67	58	47
67	58	47
67	58	47
67	58	48
67	58	48
67	58	48
67	58	48
67	58	48
67	58	48
67	58	48
67	63	48
67	63	48
67	63	48
65	63	48
65	63	48
65	63	48
65	63	48
65	63	48
65	63	48
65	63	48
65	63	48
65	63	48
65	63	48
65	63	47
65	63	47
65	63	47
65	63	47
65	63	47
65	63	47
65	63	47
65	63	47
65	63	47
65	63	47
63	63	48
63	63	48
63	63	48
63	63	48
63	63	48
63	63	48
63	63	48
63	67	48
63	67	48
63	67	48
63	67	46
63	67	46
63	67	46
63	67	46
63	67	46
63	67	46
63	67	46
63	65	46
63	65	46
63	65	46
63	65	44
63	65	44
63	65	44
63	65	44
63	65	44
63	65	44
63	65	44
63	63	44
63	63	44
63	63	44
63	63	43
63	63	43
63	63	43
63	63	43
63	63	43
63	63	43
63	63	43
63	62	43
63	62	43
63	62	43
62	62	41
62	62	41
62	62	41
62	62	41
62	62	41
62	62	41
62	62	41
62	63	41
62	63	41
62	63	41
62	63	42
62	63	42
62	63	42
62	63	42
62	63	42
62	63	42
62	63	42
62	65	42
62	65	42
62	65	42
62	65	43
62	65	43
62	65	43
62	65	43
62	65	43
62	65	43
62	65	43
62	65	43
62	65	43
62	65	43
70	65	38
70	65	38
70	65	38
70	65	38
70	65	38
70	65	38
70	65	38
70	60	38
70	60	38
70	60	38
60	60	39
60	60	39
60	60	39
60	60	39
60	60	39
60	60	39
60	60	39
60	60	39
60	60	39
60	60	39
60	60	40
60	60	40
60	60	40
60	60	40
60	60	40
60	60	40
60	60	40
60	65	40
60	65	40
60	65	40
60	65	41
60	65	41
60	65	41
60	65	41
60	65	41
60	65	41
60	65	41
60	65	41
60	65	41
60	65	41
60	65	36
60	65	36
60	65	36
60	65	36
60	65	36
60	65	36
60	65	36
60	65	36
60	65	36
60	65	36
60	65	38
60	65	38
60	65	38
60	65	38
60	65	38
60	65	38
60	65	38
60	63	38
60	63	38
60	63	38
58	63	38
58	63	38
58	63	38
58	63	38
58	63	38
57	63	38
57	63	38
57	62	38
57	62	38
57	62	38
58	62	38
58	62	38
58	62	38
58	62	38
58	62	38
58	62	38
58	62	38
58	62	38
58	62	38
58	62	38
60	62	38
60	62	38
60	62	38
60	62	38
60	62	38
60	62	38
60	62	38
60	62	38
60	62	38
60	62	38
62	62	38
62	62	38
62	62	38
62	62	38
62	62	38
62	62	38
62	62	38
62	55	38
62	55	38
62	55	38
62	55	45
62	55	45
62	55	45
62	55	45
62	55	45
62	55	45
62	55	45
62	60	45
62	60	45
62	60	45
0	60	50
0	60	50
0	60	50
0	60	50
0	60	50
0	60	50
0	60	50
0	60	50
0	60	50
0	60	50
0	60	50
0	60	50
0	60	50
0	60	50
0	60	50
0	60	50
0	60	50
0	60	50
0	60	50
0	60	50
69	60	50
69	60	50
69	60	50
69	60	50
69	60	50
69	60	50
69	60	50
69	60	50
69	60	50
69	60	50
69	60	51
69	60	51
69	60	51
69	60	51
69	60	51
69	60	51
69	60	51
69	58	51
69	58	51
69	58	51
69	58	50
69	58	50
69	58	50
69	58	50
69	58	50
69	58	50
69	58	50
69	58	50
69	58	50
69	58	50
69	58	48
69	58	48
69	58	48
69	58	48
69	58	48
69	58	48
69	58	48
69	58	48
69	58	48
69	58	48
74	58	46
74	58	46
74	58	46
74	58	46
74	58	46
74	58	46
74	58	46
74	58	46
74	58	46
74	58	46
74	58	48
74	58	48
74	58	48
74	58	48
74	58	48
74	58	48
74	58	48
74	56	48
74	56	48
74	56	48
74	56	50
74	56	50
74	56	50
74	56	50
74	56	50
74	56	50
74	56	50
74	55	50
74	55	50
74	55	50
74	55	50
74	55	50
74	55	50
74	55	50
74	55	50
74	55	50
74	55	50
74	54	50
74	54	50
74	54	50
74	54	43
74	54	43
74	54	43
74	54	43
74	54	43
74	54	43
74	54	43
74	54	43
74	54	43
74	54	43
74	54	45
74	54	45
74	54	45
74	54	45
74	54	45
74	54	46
74	54	46
74	55	46
74	55	46
74	55	46
75	55	48
75	55	48
75	55	48
75	55	48
75	55	48
75	55	48
75	55	48
75	55	48
75	55	48
75	55	48
75	55	48
75	55	48
75	55	48
75	55	48
75	55	48
75	55	48
75	55	48
75	55	48
75	55	48
75	55	48
74	55	48
74	55	48
74	55	48
74	55	48
74	55	48
74	55	48
74	55	48
74	54	48
74	54	48
74	54	48
74	54	46
74	54	46
74	52	46
74	52	46
74	52	46
74	52	46
74	52	46
74	54	46
74	54	46
74	54	46
72	54	45
72	54	45
72	54	45
72	54	45
72	54	45
72	54	45
72	54	45
72	57	45
72	57	45
72	57	45
72	57	54
72	57	54
72	57	54
72	57	54
72	57	54
72	57	54
72	57	54
72	62	54
72	62	54
72	62	54
70	62	0
70	62	0
70	62	0
70	62	0
70	62	0
70	62	0
70	62	0
70	62	0
70	62	0
70	62	0
70	62	57
70	62	57
70	62	57
70	62	57
70	62	57
70	62	58
70	62	58
70	62	58
70	62	58
70	62	58
72	62	57
72	62	57
72	62	57
72	62	57
72	62	57
72	62	57
72	62	57
72	63	57
72	63	57
72	63	57
72	63	55
72	63	55
72	63	55
72	63	55
72	63	55
72	63	55
72	63	55
72	62	55
72	62	55
72	62	55
74	62	54
74	62	54
74	62	54
74	62	54
74	62	54
74	62	54
74	62	54
74	62	54
74	62	54
74	62	54
74	62	55
74	62	55
74	62	55
74	62	55
74	62	55
74	62	55
74	62	55
74	62	55
74	62	55
74	62	55
74	62	55
74	62	55
74	62	55
74	62	55
74	62	55
74	62	55
74	62	55
74	60	55
74	60	55
74	60	55
74	60	53
74	60	53
74	60	53
74	60	53
74	60	53
74	60	53
74	60	53
74	58	53
74	58	53
74	58	53
67	58	53
67	58	53
67	58	53
67	58	53
67	58	53
67	58	53
67	58	53
67	58	53
67	58	53
67	58	53
67	58	55
67	58	55
67	58	55
67	58	55
67	58	55
67	58	56
67	58	56
67	58	56
67	58	56
67	58	56
67	58	0
67	58	0
67	58	0
67	58	0
67	58	0
67	58	0
67	58	0
67	60	0
67	60	0
67	60	0
67	60	53
67	60	53
67	60	53
67	60	53
67	60	53
67	60	53
67	60	53
67	62	53
67	62	53
67	62	53
72	62	51
72	62	51
72	62	51
72	62	51
72	62	51
72	62	51
72	62	51
72	62	51
72	62	51
72	62	51
72	62	53
72	62	53
72	62	53
72	62	53
72	62	53
72	62	53
72	62	53
72	62	53
72	62	53
72	62	53
72	62	51
72	62	51
72	62	51
72	62	51
72	62	51
72	62	51
72	62	51
72	62	51
72	62	51
72	62	51
72	62	50
72	62	50
72	62	50
72	62	50
72	62	50
72	62	50
72	62	50
72	55	50
72	55	50
72	55	50
72	55	48
72	55	48
72	55	48
72	55	48
72	55	48
72	55	48
72	55	48
72	57	48
72	57	48
72	57	48
72	57	46
72	57	46
72	58	46
72	58	46
72	58	46
72	58	46
72	58	46
72	60	46
72	60	46
72	60	46
70	60	44
70	60	44
70	60	44
70	60	44
70	60	44
70	60	44
70	60	44
70	60	44
70	60	44
70	60	44
70	60	43
70	60	43
70	60	43
70	60	43
70	60	43
70	60	43
70	60	43
70	60	43
70	60	43
70	60	43
68	60	41
68	60	41
68	60	41
68	60	41
68	60	41
68	60	41
68	60	41
68	58	41
68	58	41
68	58	41
68	58	53
68	58	53
68	58	53
68	58	53
68	58	53
68	58	51
68	58	51
68	57	51
68	57	51
68	57	51
68	57	50
68	57	50
68	57	50
68	57	50
68	57	50
68	57	50
68	57	50
68	57	50
68	57	50
68	57	50
68	57	48
68	57	48
68	57	48
68	57	48
68	57	48
68	57	48
68	57	48
68	59	48
68	59	48
68	59	48
67	59	47
67	59	47
67	59	47
67	59	47
67	59	47
67	59	47
67	59	47
67	50	47
67	50	47
67	50	47
67	50	48
67	50	48
67	50	48
67	50	48
67	50	48
67	50	48
67	50	48
67	55	48
67	55	48
67	55	48
67	55	48
67	55	48
67	55	48
67	55	48
67	55	48
67	55	48
67	55	48
67	55	48
67	55	48
67	55	48
67	55	46
67	55	46
67	55	46
67	55	46
67	55	46
67	55	46
67	55	46
67	55	46
67	55	46
67	55	46
0	55	45
0	55	45
0	55	45
0	55	45
0	55	45
0	55	45
0	55	45
0	56	45
0	56	45
0	56	45
63	56	45
63	56	45
63	56	45
63	56	45
63	56	45
63	56	45
63	56	45
63	55	45
63	55	45
63	55	45
60	55	45
60	55	45
60	55	45
60	55	45
60	55	45
60	55	45
60	55	45
60	53	45
60	53	45
60	53	45
60	53	45
60	53	45
60	53	45
60	53	45
60	53	45
60	53	45
60	53	45
60	51	45
60	51	45
60	51	45
60	51	45
60	51	45
60	51	45
60	51	45
60	51	45
60	51	45
60	51	45
60	53	45
60	53	45
60	53	45
62	53	46
62	53	46
62	53	46
62	53	46
62	53	46
62	53	46
62	53	46
62	55	46
62	55	46
62	55	46
63	55	45
63	55	45
63	55	45
63	55	45
63	55	45
63	55	45
63	55	45
63	55	45
63	55	45
63	55	45
63	55	43
63	55	43
63	55	43
63	55	43
63	55	43
63	55	43
63	55	43
63	48	43
63	48	43
63	48	43
63	48	42
63	48	42
63	48	42
63	48	42
63	48	42
63	48	42
63	48	42
63	48	42
63	48	42
63	48	42
60	48	42
60	48	42
60	48	42
60	48	42
60	48	42
60	48	42
60	48	42
60	53	42
60	53	42
60	53	42
57	53	42
57	53	42
57	53	42
57	53	42
57	53	42
57	53	42
57	53	42
57	53	42
57	53	42
57	53	42
57	53	42
57	53	42
57	53	42
57	53	42
57	53	42
57	53	42
57	53	42
57	53	42
57	53	42
57	53	42
57	53	42
57	53	42
57	53	42
57	53	42
57	53	42
57	53	42
57	53	42
57	51	42
57	51	42
57	51	42
58	51	43
58	51	43
58	51	43
58	51	43
58	51	43
58	51	43
58	51	43
58	50	43
58	50	43
58	50	43
60	50	42
60	50	42
60	50	42
60	50	42
60	50	42
60	50	42
60	50	42
60	50	42
60	50	42
60	50	42
60	50	40
60	50	40
60	50	40
60	50	40
60	50	40
60	50	40
60	50	40
60	48	40
60	48	40
60	48	40
60	48	38
60	48	38
60	48	38
60	48	38
60	48	38
60	48	38
60	48	38
60	48	38
60	48	38
60	48	38
57	48	38
57	48	38
57	48	38
57	48	38
57	48	38
57	48	38
57	48	38
57	48	38
57	48	38
57	48	38
54	48	38
54	48	38
54	48	38
54	48	38
54	48	38
54	48	38
54	48	38
54	50	38
54	50	38
54	50	38
54	50	38
54	50	38
54	50	38
54	50	38
54	50	38
54	50	38
54	50	38
54	51	38
54	51	38
54	51	38
54	51	38
54	51	38
54	51	38
54	51	38
54	51	38
54	51	38
54	51	38
54	50	38
54	50	38
54	50	38
54	50	36
54	50	36
54	50	36
54	50	36
54	50	36
54	50	36
54	50	36
54	48	36
54	48	36
54	48	36
55	48	34
55	48	34
55	48	34
55	48	34
55	48	34
55	48	34
55	48	34
55	46	34
55	46	34
55	46	34
57	46	33
57	46	33
57	46	33
57	46	33
57	46	33
57	46	33
57	46	33
57	45	33
57	45	33
57	45	33
58	45	31
58	45	31
58	45	31
58	45	31
58	45	31
58	45	31
58	45	31
58	45	31
58	45	31
58	45	31
59	45	41
59	45	41
59	45	41
59	45	41
59	45	41
59	45	41
59	45	41
59	45	41
59	45	41
59	45	41
60	45	39
60	45	39
60	45	39
60	45	39
60	45	39
60	45	39
60	45	39
60	46	39
60	46	39
60	46	39
62	46	38
62	46	38
62	46	38
62	46	38
62	46	38
62	46	38
62	46	38
62	48	38
62	48	38
62	48	38
63	48	36
63	48	36
63	48	36
63	48	36
63	48	36
63	48	36
63	48	36
63	46	36
63	46	36
63	46	36
64	46	46
64	46	46
64	46	46
64	46	46
64	46	46
64	46	46
64	46	46
64	45	46
64	45	46
64	45	46
66	45	45
66	45	45
66	45	45
66	45	45
66	45	45
66	45	45
66	45	45
66	43	45
66	43	45
66	43	45
67	43	43
67	43	43
67	43	43
67	43	43
67	43	43
67	43	43
67	43	43
67	42	43
67	42	43
67	42	43
67	42	50
67	42	50
67	42	50
67	42	50
67	42	50
67	42	50
67	42	50
67	42	50
67	42	50
67	42	50
67	42	50
67	42	50
67	42	50
67	42	50
67	42	50
67	42	50
67	42	50
67	42	50
67	42	50
67	42	50
66	42	38
66	42	38
66	42	38
66	42	38
66	42	38
66	42	38
66	42	38
66	43	38
66	43	38
66	43	38
66	43	38
66	43	38
66	43	38
66	43	38
66	43	38
66	43	38
66	43	38
66	45	38
66	45	38
66	45	38
67	45	31
67	45	31
67	45	31
67	45	31
67	45	31
67	45	31
67	45	31
67	45	31
67	45	31
67	45	31
67	45	31
67	45	31
67	45	31
67	45	31
67	45	31
67	45	31
67	45	31
67	46	31
67	46	31
67	46	31
67	46	31
67	46	31
67	46	31
67	46	31
67	46	31
67	46	31
67	46	31
67	48	31
67	48	31
67	48	31
67	48	31
67	48	31
67	48	31
67	48	31
67	48	31
67	48	31
67	48	31
67	50	31
67	50	31
67	50	31
0	50	0
0	50	0
0	50	0
0	50	0
0	50	0
0	50	0
0	50	0
0	50	0
0	50	0
0	50	0
0	50	0
0	50	0
0	50	0
0	50	0
0	50	0
0	50	0
0	50	0
0	51	0
0	51	0
0	51	0
0	51	0
0	51	0
0	51	0
0	51	0
0	51	0
0	51	0
0	51	0
0	53	0
0	53	0
0	53	0
0	53	0
0	53	0
0	53	0
0	53	0
0	53	0
0	53	0
0	53	0
0	55	0
0	55	0
0	55	0
0	55	0
0	55	0
0	55	0
0	55	0
0	55	0
0	55	0
0	55	0
0	55	0
0	55	0
0	55	0
0	55	0
0	55	0
0	55	0
0	55	0
0	55	0
0	55	0
0	55	0
0	57	0
0	57	0
0	57	0
0	57	0
0	57	0
0	57	0
0	57	0
0	57	0
0	57	0
0	57	0
0	58	0
0	58	0
0	58	0
0	58	0
0	58	0
0	58	0
0	58	0
0	58	0
0	58	0
0	58	0
0	57	0
0	57	0
0	57	0
0	57	0
0	57	0
0	57	0
0	57	0
0	57	0
0	57	0
0	57	0
0	63	0
0	63	0
0	63	0
0	63	0
0	63	0
0	63	0
0	63	0
0	63	0
0	63	0
0	63	0
0	62	0
0	62	0
0	62	0
0	62	0
0	62	0
0	62	0
0	62	0
0	62	0
0	62	0
0	62	0
0	60	0
0	60	0
0	60	0
0	60	0
0	60	0
0	60	0
0	60	0
0	60	0
0	60	0
0	60	0
0	59	0
0	59	0
0	59	0
0	59	0
0	59	0
0	59	0
0	59	0
0	59	0
0	59	0
0	59	0
0	59	0
0	59	0
0	59	0
0	59	0
0	59	0
0	59	0
0	59	0
0	59	0
0	59	0
0	59	0
0	59	0
0	59	0
0	59	0
0	59	0
0	59	0
0	59	0
0	59	0
0	59	0
0	59	0
0	59	0
0	59	0
0	59	0
0	59	0
0	59	0
0	59	0
0	59	0
0	59	0
0	59	0
0	59	0
0	59	0