0	52	0	0
0	52	0	0
0	52	0	0
0	52	0	0
0	52	0	0
0	52	0	0
0	52	0	0
0	52	0	0
0	52	0	0
0	52	0	0
0	52	0	0
0	52	0	0
0	52	0	0
0	52	0	0
0	54	0	0
0	54	0	0
0	54	0	0
0	54	0	0
0	54	0	0
0	54	0	0
0	54	0	0
0	54	0	0
0	54	0	0
0	54	0	0
0	54	0	0
0	54	0	0
0	54	0	0
0	56	0	0
0	56	0	0
0	56	0	0
0	56	0	0
0	56	0	0
0	56	0	0
0	56	0	0
0	56	0	0
0	56	0	0
0	56	0	0
0	56	0	0
0	56	0	0
0	56	0	0
0	57	0	0
0	57	0	0
0	57	0	0
0	57	0	0
0	57	0	0
0	57	0	0
0	57	0	0
0	57	0	0
0	57	0	0
0	57	0	0
0	57	0	0
0	57	0	0
0	57	0	0
0	57	0	0
0	57	0	0
0	57	0	0
0	57	0	0
0	57	0	0
0	57	0	0
0	57	0	0
0	59	0	0
0	59	0	0
0	59	0	0
0	59	0	0
0	57	0	0
0	57	0	0
0	57	0	0
0	57	0	0
0	57	0	0
0	57	0	0
0	57	0	0
0	57	0	0
0	57	0	0
0	57	0	0
0	57	0	0
0	57	0	0
0	57	0	0
0	57	0	0
0	57	0	0
0	57	0	0
0	61	0	0
0	61	0	0
0	61	0	0
0	61	0	0
0	61	0	0
0	61	0	0
0	61	0	0
0	61	0	0
0	61	0	0
0	61	0	0
0	61	0	0
0	61	0	0
0	61	0	0
0	61	0	0
0	54	0	0
0	54	0	0
0	54	0	0
0	54	0	0
0	54	0	0
0	54	0	0
0	54	0	0
0	54	0	0
0	54	0	0
0	54	0	0
0	54	0	0
0	54	0	0
0	54	0	0
0	59	0	0
0	59	0	0
0	59	0	0
0	59	0	0
0	59	0	0
0	59	0	0
0	59	0	0
0	59	0	0
0	59	0	0
0	59	0	0
0	59	0	0
0	59	0	0
0	59	0	0
0	59	0	0
0	59	0	0
0	59	0	0
0	59	0	0
0	59	0	0
0	59	0	0
0	0	0	0
0	61	0	0
0	61	0	0
0	61	0	0
0	61	0	0
0	61	0	0
0	61	0	0
0	61	0	0
0	59	0	0
0	59	0	0
0	59	0	0
0	59	0	0
0	59	0	0
0	59	0	0
0	57	0	0
0	57	0	0
0	57	0	0
0	57	0	0
0	57	0	0
0	57	0	0
0	57	0	0
0	56	0	0
0	56	0	0
0	56	0	0
0	56	0	0
0	56	0	0
0	56	0	0
0	56	0	0
0	57	0	0
0	57	0	0
0	57	0	0
0	57	0	0
0	57	0	0
0	57	0	0
59	56	0	0
59	56	0	0
59	56	0	0
59	56	0	0
59	56	0	0
59	56	0	0
59	56	0	0
59	54	0	0
59	54	0	0
59	54	0	0
59	54	0	0
59	54	0	0
59	54	0	0
59	54	0	0
61	52	0	0
61	52	0	0
61	52	0	0
61	52	0	0
61	52	0	0
61	52	0	0
61	54	0	0
61	54	0	0
61	54	0	0
61	54	0	0
61	54	0	0
61	54	0	0
61	54	0	0
63	52	0	0
63	52	0	0
63	52	0	0
63	52	0	0
63	52	0	0
63	52	0	0
63	52	0	0
63	51	0	0
63	51	0	0
63	51	0	0
63	51	0	0
63	51	0	0
63	51	0	0
64	49	0	0
64	49	0	0
64	49	0	0
64	49	0	0
64	49	0	0
64	49	0	0
64	49	0	0
64	49	0	0
64	49	0	0
64	49	0	0
64	49	0	0
64	49	0	0
64	49	0	0
64	49	0	0
64	58	0	0
64	58	0	0
64	58	0	0
64	58	0	0
64	58	0	0
64	58	0	0
66	58	0	0
66	58	0	0
66	58	0	0
66	58	0	0
64	58	0	0
64	58	0	0
64	58	0	0
64	59	0	0
64	59	0	0
64	59	0	0
64	59	0	0
64	59	0	0
64	59	0	0
64	59	0	0
64	59	0	0
64	59	0	0
64	59	0	0
64	59	0	0
64	59	0	0
64	59	0	0
68	59	0	0
68	59	0	0
68	59	0	0
68	59	0	0
68	59	0	0
68	59	0	0
68	59	0	0
68	59	0	0
68	59	0	0
68	59	0	0
68	59	0	0
68	59	0	0
68	59	0	0
68	59	0	0
61	59	0	0
61	59	0	0
61	59	0	0
61	59	0	0
61	59	0	0
61	59	0	0
61	59	0	0
61	59	0	0
61	59	0	0
61	0	0	0
61	0	0	0
61	0	0	0
61	0	0	0
66	57	0	0
66	57	0	0
66	57	0	0
66	57	0	0
66	57	0	0
66	57	0	0
66	57	0	0
66	56	0	0
66	56	0	0
66	56	0	0
66	56	0	0
66	56	0	0
66	56	0	0
66	57	0	0
66	57	0	0
66	57	0	0
66	57	0	0
66	57	0	0
66	57	0	0
0	57	0	0
68	57	0	0
68	57	0	0
68	57	0	0
68	57	0	0
68	57	0	0
68	57	0	0
68	57	0	0
66	54	0	0
66	54	0	0
66	54	0	0
66	54	0	0
66	54	0	0
66	54	0	0
66	54	0	0
64	54	0	0
64	54	0	0
64	54	0	0
64	54	0	0
64	54	0	0
64	54	0	0
63	59	0	0
63	59	0	0
63	59	0	0
63	59	0	0
63	59	0	0
63	59	0	0
63	59	0	0
59	59	0	0
59	59	0	0
59	59	0	0
59	59	0	0
59	59	0	0
59	59	0	0
59	57	47	0
61	57	47	0
61	57	47	0
61	57	47	0
61	57	47	0
61	57	47	0
61	57	47	0
63	57	47	0
63	57	47	0
63	57	47	0
63	57	47	0
63	57	47	0
63	57	47	0
63	57	47	0
64	56	49	0
64	56	49	0
64	56	49	0
64	56	49	0
64	56	49	0
64	56	49	0
64	56	49	0
63	56	49	0
63	56	49	0
63	56	49	0
63	56	49	0
63	56	49	0
63	56	49	0
64	54	51	0
64	54	51	0
64	54	51	0
64	54	51	0
64	54	51	0
64	54	51	0
64	54	51	0
66	54	51	0
66	54	51	0
66	54	51	0
66	54	51	0
66	54	51	0
66	54	51	0
66	0	52	0
68	0	52	0
68	0	52	0
68	0	52	0
68	0	52	0
68	0	52	0
68	0	52	0
66	0	52	0
66	0	52	0
66	0	52	0
66	0	52	0
66	0	52	0
66	0	52	0
66	0	52	0
68	0	52	0
68	0	52	0
68	0	52	0
68	0	52	0
68	0	52	0
68	0	52	0
68	0	54	0
70	0	54	0
70	0	54	0
70	0	54	0
70	0	52	0
70	0	52	0
70	0	52	0
71	0	52	0
71	0	52	0
71	0	52	0
71	0	52	0
71	0	52	0
71	0	52	0
71	0	52	0
71	0	52	0
71	0	52	0
71	0	52	0
71	0	52	0
71	0	52	0
71	0	52	0
71	59	56	0
63	59	56	0
63	59	56	0
63	59	56	0
63	59	56	0
63	59	56	0
63	59	56	0
63	59	56	0
63	59	56	0
63	59	56	0
63	59	56	0
63	59	56	0
63	59	56	0
63	59	56	0
64	59	49	0
64	59	49	0
64	59	49	0
64	59	49	0
64	59	49	0
64	59	49	0
64	59	49	0
64	59	49	0
64	59	49	0
64	59	49	0
64	59	49	0
64	59	49	0
64	59	49	0
61	57	54	0
61	57	54	0
61	57	54	0
61	57	54	0
61	57	54	0
61	57	54	0
61	57	54	0
61	56	54	0
61	56	54	0
61	56	54	0
61	56	54	0
61	56	54	0
61	56	54	0
61	57	54	0
66	57	54	0
66	57	54	0
66	57	54	0
66	57	54	0
66	57	54	0
66	57	0	0
64	57	56	0
64	57	56	0
64	57	56	0
64	57	56	0
64	57	56	0
64	57	56	0
64	57	56	0
63	57	54	0
63	57	54	0
63	57	54	0
63	57	54	0
63	57	54	0
63	57	54	0
63	57	54	0
61	57	52	0
61	57	52	0
61	57	52	0
61	57	52	0
61	57	52	0
61	57	52	0
59	57	51	0
59	57	51	0
59	57	51	0
59	57	51	0
59	57	51	0
59	0	51	0
59	0	51	0
59	57	51	0
59	57	51	0
59	57	51	0
59	57	51	0
59	57	51	0
59	57	51	0
59	56	51	40
59	56	52	40
59	56	52	40
59	56	52	40
59	56	52	40
59	56	52	40
0	56	52	40
0	56	52	40
59	56	52	40
59	56	52	40
59	56	52	40
59	56	52	40
59	56	52	40
59	56	52	40
57	54	52	42
57	54	52	42
57	54	52	42
57	54	52	42
57	54	52	42
57	54	52	42
57	54	52	42
56	54	52	42
56	54	52	42
56	54	52	42
56	54	52	42
56	54	52	42
56	54	52	42
56	54	50	44
57	54	50	44
57	54	50	44
57	54	50	44
57	54	50	44
57	54	50	44
57	54	50	44
59	54	50	44
59	54	50	44
59	54	50	44
59	54	50	44
59	54	50	44
59	54	50	44
59	52	50	45
61	52	49	45
61	52	49	45
61	52	49	45
61	52	49	45
61	52	49	45
61	52	49	45
61	52	49	45
59	52	49	45
59	52	49	45
59	52	49	45
59	52	49	45
59	52	49	45
59	52	49	45
61	57	54	45
61	57	54	45
61	57	54	45
61	57	54	45
61	57	54	45
61	57	54	45
61	57	54	47
63	57	54	47
63	57	54	47
63	57	54	47
63	57	54	45
63	57	54	45
63	57	54	45
63	0	47	45
64	0	47	45
64	0	47	45
64	0	47	45
64	0	47	45
64	0	47	45
64	0	47	45
64	59	47	45
64	59	47	45
64	59	47	45
64	59	47	45
64	59	47	45
64	59	47	45
64	57	47	49
64	57	52	49
64	57	52	49
64	57	52	49
64	57	52	49
64	57	52	49
64	57	52	49
64	56	52	49
64	56	52	49
64	56	52	49
64	56	52	49
64	56	52	49
64	56	52	49
64	56	52	49
64	57	0	42
64	57	0	42
64	57	0	42
64	57	0	42
64	57	0	42
64	57	0	42
64	57	0	42
64	57	49	42
64	57	49	42
64	57	49	42
64	57	49	42
64	57	49	42
64	57	49	42
64	54	51	47
64	54	51	47
64	54	51	47
64	54	51	47
64	54	51	47
64	54	51	47
64	54	51	47
64	54	52	47
64	54	52	47
64	54	52	47
64	54	52	47
64	54	52	47
64	54	52	47
64	59	52	47
63	59	54	47
63	59	54	47
63	59	54	47
63	59	54	47
63	59	54	47
63	59	54	0
63	59	54	49
63	59	54	49
63	59	54	49
63	59	54	49
63	59	54	49
63	59	54	49
63	59	54	49
63	59	54	47
63	59	54	47
63	59	54	47
63	59	54	47
63	59	54	47
63	59	54	47
63	59	54	47
63	59	54	45
63	59	54	45
63	59	54	45
63	59	54	45
63	59	54	45
63	59	54	45
63	59	47	44
0	59	47	44
0	59	47	44
0	59	47	44
0	59	47	44
0	59	47	44
0	59	47	44
0	59	47	45
0	59	47	45
0	59	47	45
0	59	47	45
0	59	47	45
0	59	47	45
0	59	47	45
64	59	47	44
64	59	47	44
64	59	47	44
64	59	47	44
64	59	47	44
64	59	47	44
64	59	47	42
64	59	47	42
64	59	47	42
64	59	47	42
64	59	47	42
64	59	47	42
64	59	47	42
66	0	0	40
66	0	0	40
66	0	0	40
66	0	0	40
66	0	0	40
66	0	0	40
66	0	0	40
66	0	0	42
66	0	0	42
66	0	0	42
66	0	0	42
66	0	0	42
66	0	0	42
66	0	47	40
68	0	47	40
68	0	47	40
68	0	47	40
68	0	47	40
68	0	47	40
68	0	47	40
68	0	47	39
68	0	47	39
68	0	47	39
68	0	47	39
68	0	47	39
68	0	47	39
68	0	47	39
69	0	49	37
69	0	49	37
69	0	49	37
69	0	49	37
69	0	49	37
69	0	49	37
69	0	49	37
69	0	49	37
69	0	49	37
69	0	49	37
69	0	49	37
69	0	49	37
69	0	49	37
69	0	51	42
69	0	51	42
69	0	51	42
69	0	51	42
69	0	51	42
69	0	51	42
69	0	51	42
71	0	51	42
71	0	51	42
71	0	51	42
69	0	51	42
69	0	51	42
69	0	51	42
69	0	52	49
68	0	52	49
68	0	52	49
68	0	52	49
68	0	52	49
68	0	52	49
68	0	52	49
68	0	52	49
68	0	52	49
68	0	52	49
68	0	52	49
68	0	52	49
68	0	52	49
68	0	52	49
73	0	52	46
73	0	52	46
73	0	52	46
73	0	52	46
73	0	52	46
73	0	52	46
73	0	54	46
73	0	54	46
73	0	54	46
73	0	54	46
73	0	54	46
73	0	54	46
73	0	54	46
66	0	51	47
66	0	51	47
66	0	51	47
66	0	51	47
66	0	51	47
66	0	51	47
66	0	51	47
66	0	51	49
66	0	51	49
66	0	51	49
66	0	51	49
66	0	51	49
66	0	51	49
66	0	56	50
71	0	56	50
71	0	56	50
71	0	56	50
71	0	56	50
71	0	56	50
71	0	56	50
71	0	56	47
71	0	56	47
71	0	56	47
71	0	56	47
71	0	56	47
71	0	56	47
71	0	56	47
71	0	49	41
71	0	49	41
71	0	49	41
71	0	49	41
71	0	49	41
71	0	49	41
71	0	49	41
73	0	49	41
73	0	49	41
73	0	49	41
73	0	49	41
73	0	49	41
73	0	49	41
71	0	54	42
71	0	54	42
71	0	54	42
71	0	54	42
71	0	54	42
71	0	54	42
71	0	54	42
69	0	54	42
69	0	54	42
69	0	54	42
69	0	54	42
69	0	54	42
69	0	54	42
69	0	54	49
68	0	54	49
68	0	54	49
68	0	54	49
68	0	54	49
68	0	54	49
68	0	54	49
68	0	56	49
68	0	56	49
68	0	56	49
68	0	56	49
68	0	56	49
68	0	56	49
68	0	56	49
73	0	54	49
73	0	54	49
73	0	54	49
73	0	54	49
73	0	54	49
73	0	54	49
73	0	52	49
73	0	52	49
73	0	52	49
73	0	52	49
73	0	52	49
73	0	52	49
73	0	52	49
73	0	51	44
73	0	51	44
73	0	51	44
73	0	51	44
73	0	51	44
73	0	51	44
73	0	51	44
75	0	51	44
75	0	51	44
75	0	51	44
75	0	51	44
75	0	51	44
75	0	51	44
75	0	56	44
73	0	56	44
73	0	56	44
73	0	56	44
73	0	56	44
73	0	56	44
73	0	56	44
71	0	56	44
71	0	56	44
71	0	56	44
71	0	56	44
71	0	56	44
71	0	56	44
71	0	56	44
69	0	56	49
69	0	56	49
69	0	56	49
69	0	56	49
69	0	56	49
69	0	56	49
69	0	56	51
69	0	56	51
69	0	56	51
69	0	56	51
69	0	56	51
69	0	56	51
69	0	56	51
69	59	56	52
69	59	56	52
69	59	56	52
69	59	56	52
69	59	56	52
69	59	56	52
69	59	56	52
69	59	56	54
69	59	56	54
69	59	56	54
69	59	56	54
69	59	56	54
69	59	56	54
69	61	54	52
69	61	54	52
69	61	54	52
69	61	54	52
69	61	54	52
69	61	54	52
69	61	54	52
69	61	54	51
69	61	54	51
69	61	54	51
69	61	54	51
69	61	54	51
69	61	54	51
69	63	54	51
69	63	54	49
69	63	54	49
69	63	54	49
69	63	54	49
69	63	54	49
69	63	54	49
69	63	54	47
69	63	54	47
69	63	54	47
69	63	54	47
69	63	54	47
69	63	54	47
69	63	54	47
68	64	0	52
68	64	0	52
68	64	0	52
68	64	0	52
68	64	0	52
68	64	0	52
68	64	0	52
68	64	51	52
68	64	51	52
68	64	51	52
68	64	51	52
68	64	51	52
68	64	51	52
68	64	52	0
68	64	52	0
68	64	52	0
68	64	52	0
68	64	52	0
68	64	52	0
68	0	52	0
70	66	49	0
70	66	49	0
70	66	49	0
70	0	49	0
70	64	49	0
70	64	49	0
70	64	49	0
71	64	56	0
71	64	56	0
71	64	56	0
71	64	56	0
71	64	56	0
71	64	56	0
71	64	54	0
71	64	54	0
71	64	54	0
71	64	54	0
71	64	54	0
71	64	54	0
71	64	54	0
71	68	52	0
71	68	52	0
71	68	52	0
71	68	52	0
71	68	52	0
71	68	52	0
71	68	52	0
71	68	51	0
71	68	51	0
71	68	51	0
71	68	51	0
71	68	51	0
71	68	51	0
71	61	52	0
71	61	52	0
71	61	52	0
71	61	52	0
71	61	52	0
71	61	52	0
71	61	52	0
71	61	49	0
71	61	49	0
71	61	49	0
71	61	49	0
71	61	49	0
71	61	49	0
71	61	49	0
71	66	51	0
71	66	51	0
71	66	51	0
71	66	51	0
71	66	51	0
71	66	51	0
71	66	52	0
71	66	52	0
71	66	52	0
71	66	52	0
71	66	52	0
71	66	52	0
71	66	52	0
70	66	54	0
70	66	54	0
70	66	54	0
70	66	54	0
70	66	54	0
70	0	54	0
70	0	54	0
70	68	52	0
70	68	52	0
70	68	52	0
70	68	52	0
70	68	52	0
70	68	52	0
70	66	51	0
70	66	51	0
70	66	51	0
70	66	51	0
70	66	51	0
70	66	51	0
70	66	51	0
70	64	49	0
70	64	49	0
70	64	49	0
70	64	49	0
70	64	49	0
70	64	49	0
70	64	49	0
71	63	47	0
71	63	47	0
71	63	47	0
71	63	47	0
71	63	47	0
71	63	47	0
71	63	47	0
69	63	47	0
69	63	47	0
69	63	47	0
69	63	47	0
69	63	47	0
69	63	47	0
68	0	47	35
68	0	47	35
68	0	47	35
68	0	47	35
68	0	47	35
68	0	47	35
68	0	47	35
66	0	47	35
66	0	47	35
66	0	47	35
66	0	47	35
66	0	47	35
66	0	47	35
66	0	0	37
64	0	0	37
64	0	0	37
64	0	0	37
64	0	0	37
64	0	0	37
64	0	0	37
66	0	0	37
66	0	0	37
66	0	0	37
66	0	0	37
66	0	0	37
66	0	0	37
66	0	0	37
64	54	0	39
64	54	0	39
64	54	0	39
64	54	0	39
64	54	0	39
64	54	0	39
64	54	0	39
63	54	0	39
63	54	0	39
63	54	0	39
63	54	0	39
63	54	0	39
63	54	0	39
61	56	0	40
61	56	0	40
61	56	0	40
61	56	0	40
61	56	0	40
61	56	0	40
61	56	0	40
64	56	0	40
64	56	0	40
64	56	0	40
64	56	0	40
64	56	0	40
64	56	0	40
64	58	0	40
63	58	0	40
63	58	0	40
63	58	0	40
63	58	0	40
63	58	0	40
63	58	0	40
61	58	0	42
61	58	0	42
61	58	0	42
61	58	0	0
61	58	0	40
61	58	0	40
61	58	0	40
0	59	0	40
0	59	0	40
0	59	0	40
0	59	0	40
0	59	0	40
0	59	0	40
0	59	0	40
0	59	0	40
0	59	0	40
0	59	0	40
0	59	0	40
0	59	0	40
0	59	0	40
0	59	0	44
0	59	0	44
0	59	0	44
0	59	0	44
0	59	0	44
0	59	0	44
0	0	0	44
0	61	0	44
0	61	0	44
0	61	0	44
0	0	0	44
0	59	0	44
0	59	0	44
0	59	0	37
0	59	0	37
0	59	0	37
0	59	0	37
0	59	0	37
0	59	0	37
0	59	0	37
64	59	0	37
64	59	0	37
64	59	0	37
64	59	0	37
64	59	0	37
64	59	0	37
64	59	0	37
0	63	0	42
0	63	0	42
0	63	0	42
0	63	0	42
0	63	0	42
0	63	0	42
0	63	0	42
61	63	0	42
61	63	0	42
61	63	0	42
61	63	0	42
61	63	0	42
61	63	0	42
60	56	0	42
60	56	0	42
60	56	0	42
60	56	0	42
60	56	0	42
60	56	0	42
60	56	0	42
60	56	0	44
60	56	0	44
60	56	0	44
60	56	0	44
60	56	0	44
60	56	0	44
60	56	0	42
68	61	0	42
68	61	0	42
68	61	0	42
68	61	0	42
68	61	0	42
68	61	0	42
68	61	0	40
68	61	0	40
68	61	0	40
68	61	0	40
68	61	0	40
68	61	0	40
68	61	0	40
66	61	0	39
66	61	0	39
66	61	0	39
66	61	0	39
66	61	0	39
66	61	0	39
66	61	0	39
66	63	0	39
66	63	0	39
66	63	0	39
66	63	0	39
66	63	0	39
66	63	0	39
64	61	44	44
64	61	44	44
64	61	44	44
64	61	44	44
64	61	44	44
64	61	44	44
64	61	44	44
63	60	44	44
63	60	44	44
63	60	44	44
63	60	44	44
63	60	44	44
63	60	44	44
63	60	46	44
61	58	46	44
61	58	46	44
61	58	46	44
61	58	46	44
61	58	46	44
61	58	46	44
60	58	46	44
60	58	46	44
60	58	46	44
60	58	46	44
60	58	46	44
60	58	46	44
60	58	46	44
61	57	48	42
61	57	48	42
61	57	48	42
61	57	48	42
61	57	48	42
61	57	48	42
61	57	48	42
63	57	48	42
63	57	48	42
63	57	48	42
63	57	48	42
63	57	48	42
63	57	48	42
64	56	49	40
64	56	49	40
64	56	49	40
64	56	49	40
64	56	49	40
64	56	49	40
64	56	49	40
58	56	49	40
58	56	49	40
58	56	49	40
58	56	49	40
58	56	49	40
58	56	49	40
58	56	49	45
60	54	49	45
60	54	49	45
60	54	49	45
60	54	49	45
60	54	49	45
60	54	49	45
61	54	51	45
61	54	51	45
61	54	51	45
61	54	0	45
61	54	49	45
61	54	49	45
61	54	49	45
63	54	49	45
63	54	49	45
63	54	49	45
63	54	49	45
63	54	49	45
63	54	49	45
63	54	49	45
63	56	49	45
63	56	49	45
63	56	49	45
63	56	49	45
63	56	49	45
63	56	49	45
61	58	52	44
61	58	52	44
61	58	52	44
61	58	52	44
61	58	52	44
61	58	52	44
61	58	52	44
63	60	52	44
63	60	52	44
63	60	52	44
63	60	52	44
63	60	52	44
63	60	52	44
63	60	46	44
64	61	46	44
64	61	46	44
64	61	46	44
64	61	46	44
64	61	46	44
64	61	46	44
64	60	46	44
64	60	46	44
64	60	46	44
64	60	46	44
64	60	46	44
64	60	46	44
64	60	46	44
69	61	51	42
69	61	51	42
69	61	51	42
69	61	51	42
69	61	51	42
69	61	51	42
69	61	51	42
69	63	51	42
69	63	51	42
69	63	51	42
69	63	51	42
69	63	51	42
69	63	51	42
68	60	51	42
68	60	51	42
68	60	51	42
68	60	51	42
68	60	51	42
68	60	51	42
68	60	51	42
68	58	52	42
68	58	52	42
68	58	52	42
68	58	52	42
68	58	52	42
68	58	52	42
68	58	51	44
66	60	51	44
66	60	51	44
66	60	51	44
66	60	51	44
66	60	51	44
66	60	51	44
66	61	49	44
66	61	49	44
66	61	49	44
66	61	49	44
66	61	49	44
66	61	49	44
66	61	49	44
66	63	48	45
66	63	48	45
66	63	48	45
66	63	48	45
66	63	48	45
66	63	48	45
66	63	48	45
66	63	48	45
66	63	48	45
66	63	48	45
66	63	48	45
66	63	48	45
66	63	48	45
64	0	48	44
64	0	48	44
64	0	48	44
64	0	48	44
64	0	48	44
64	0	48	44
64	0	48	44
63	0	48	42
63	0	48	42
63	0	48	42
63	0	48	42
63	0	48	42
63	0	48	42
63	0	48	44
64	0	48	44
63	0	48	44
63	0	48	44
64	0	48	44
64	0	48	44
63	0	48	44
64	0	48	44
64	0	48	44
63	0	48	44
63	0	48	44
64	0	48	44
63	0	48	44
63	0	48	44
64	0	48	44
64	0	48	44
63	0	48	44
63	0	48	44
63	0	48	44
63	0	48	44
63	0	48	44
61	0	48	44
61	0	48	44
61	0	48	44
61	0	48	44
61	0	48	44
0	0	48	44
0	0	49	37
61	0	49	37
61	0	49	37
61	0	49	37
61	0	49	37
61	0	49	37
61	0	49	37
61	0	49	37
61	0	49	37
61	0	49	37
61	0	49	37
61	0	49	37
61	0	49	37
61	0	49	37
61	52	49	37
61	52	49	37
61	52	49	37
61	52	49	37
61	52	49	37
61	52	49	37
61	52	49	37
61	52	49	37
61	52	49	37
61	52	49	37
61	52	49	37
61	52	49	37
61	52	49	37
0	54	0	0
0	54	0	0
0	54	0	0
0	54	0	0
0	54	0	0
0	54	0	0
0	54	0	0
0	54	0	0
0	54	0	0
0	54	0	0
0	54	0	0
0	54	0	0
0	54	0	0
0	56	47	0
0	56	47	0
0	56	47	0
0	56	47	0
0	56	47	0
0	56	47	0
0	56	47	0
0	56	47	0
0	56	47	0
0	56	47	0
0	56	47	0
0	56	47	0
0	56	47	0
0	56	49	0
0	57	49	0
0	57	49	0
0	57	49	0
0	57	49	0
0	57	49	0
0	57	49	0
0	57	49	0
0	57	49	0
0	57	49	0
0	57	49	0
0	57	49	0
0	57	49	0
0	57	49	0
0	57	51	0
0	57	51	0
0	57	51	0
0	57	51	0
0	57	51	0
0	57	51	0
0	0	51	0
0	59	51	0
0	59	51	0
0	59	51	0
0	0	51	0
0	57	51	0
0	57	51	0
0	57	52	0
0	57	52	0
0	57	52	0
0	57	52	0
0	57	52	0
0	57	52	0
0	57	52	0
0	57	52	0
0	57	52	0
0	57	52	0
0	57	52	0
0	57	52	0
0	57	52	0
0	57	52	0
0	61	52	0
0	61	52	0
0	61	52	0
0	61	52	0
0	61	52	0
0	61	52	0
0	61	54	0
0	61	54	0
0	61	54	0
0	61	0	0
0	61	52	0
0	61	52	0
0	61	52	0
0	54	52	0
0	54	52	0
0	54	52	0
0	54	52	0
0	54	52	0
0	54	52	0
0	54	52	0
0	54	52	0
0	54	52	0
0	54	52	0
0	54	52	0
0	54	52	0
0	54	52	0
0	54	56	35
0	59	56	35
0	59	56	35
0	59	56	35
0	59	56	35
0	59	56	35
0	59	56	35
0	59	56	35
0	59	56	35
0	59	56	35
0	59	56	35
0	59	56	35
0	59	56	35
0	59	49	37
0	59	49	37
0	59	49	37
0	59	49	37
0	59	49	37
0	59	49	37
0	59	49	37
0	59	49	37
0	61	49	37
0	61	49	37
0	61	49	37
0	61	49	37
0	61	49	37
0	61	49	37
0	59	54	39
0	59	54	39
0	59	54	39
0	59	54	39
0	59	54	39
0	59	54	39
0	59	54	39
0	57	54	39
0	57	54	39
0	57	54	39
0	57	54	39
0	57	54	39
0	57	54	39
0	57	54	40
0	56	54	40
0	56	54	40
0	56	54	40
0	56	54	40
0	56	54	40
0	56	54	40
0	56	54	40
0	56	54	40
0	56	54	40
0	0	54	40
0	0	54	40
0	0	54	40
0	0	47	40
59	56	47	40
59	56	47	40
59	56	47	40
59	56	47	40
59	56	47	40
59	56	47	40
59	56	47	42
59	56	47	42
59	56	47	42
59	56	47	0
59	0	47	40
59	0	47	40
59	0	47	40
61	58	54	40
61	58	54	40
61	58	54	40
61	58	54	40
61	58	54	40
61	58	54	40
61	58	54	40
61	58	54	40
61	58	54	40
61	58	54	40
61	0	54	40
61	0	54	40
61	0	54	40
61	0	54	44
63	59	54	44
63	59	54	44
63	59	54	44
63	59	54	44
63	59	54	44
63	59	54	44
63	59	54	44
63	59	54	44
63	59	54	44
63	59	54	44
63	59	54	44
63	59	54	44
63	59	52	37
64	59	52	37
64	59	52	37
64	59	52	37
64	59	52	37
64	59	52	37
64	59	52	37
64	59	52	37
64	59	52	37
64	59	52	37
64	59	52	37
64	0	52	37
64	0	52	37
64	0	52	37
64	58	49	42
64	58	49	42
64	58	49	42
64	58	49	42
64	58	49	42
64	58	49	42
64	58	49	42
66	58	49	42
66	58	49	42
66	58	49	42
0	58	49	42
64	58	49	42
64	58	49	42
64	58	56	42
64	60	56	42
64	60	56	42
64	60	56	42
64	60	56	42
64	60	56	42
64	60	56	42
64	60	56	44
64	60	56	44
64	60	56	44
64	60	56	44
64	60	56	44
64	60	56	44
64	60	56	42
64	61	56	42
64	61	56	42
64	61	56	42
64	61	56	42
64	61	56	42
64	61	56	42
64	61	56	40
64	61	56	40
64	61	56	40
64	61	56	40
64	61	56	40
64	61	56	40
64	61	56	40
66	61	54	39
66	61	54	39
66	61	54	39
66	61	54	39
66	61	54	39
66	61	54	39
66	61	54	39
66	61	54	39
66	61	54	39
66	61	54	39
66	61	54	39
66	61	54	39
66	61	54	39
66	0	0	38
68	59	0	38
68	59	0	38
68	59	0	38
68	59	0	38
68	59	0	38
68	59	0	38
68	59	0	38
68	59	0	38
68	59	0	38
68	59	0	38
68	59	0	38
68	59	0	38
68	59	0	37
69	61	0	37
69	61	0	37
69	61	0	37
69	61	0	37
69	61	0	37
69	61	0	37
69	61	0	37
69	61	0	37
69	61	0	37
69	61	0	37
69	61	0	37
69	61	0	37
69	61	0	37
69	61	0	35
69	63	0	35
69	63	0	35
69	63	0	35
69	63	0	35
69	63	0	35
69	63	0	35
71	63	0	35
71	63	0	35
71	63	0	35
0	63	0	35
69	63	0	35
69	63	0	35
69	63	0	37
69	64	0	37
69	64	0	37
69	64	0	37
69	64	0	37
69	64	0	37
69	64	0	37
69	64	0	37
69	64	0	37
69	64	0	37
69	64	0	37
69	64	0	37
69	64	0	37
69	64	49	46
73	64	49	46
73	64	49	46
73	64	49	46
73	64	49	46
73	0	49	46
73	0	49	46
73	0	49	46
73	66	49	46
73	66	49	46
73	66	49	46
73	0	49	46
73	64	49	46
73	64	49	46
66	64	51	47
66	64	51	47
66	64	51	47
66	64	51	47
66	64	51	47
66	64	51	47
66	64	51	47
66	64	51	47
66	64	51	47
66	64	51	47
66	64	51	47
66	0	51	47
66	0	51	47
66	0	53	44
71	68	53	44
71	68	53	44
71	68	53	44
71	68	53	44
71	68	53	44
71	68	53	44
71	68	53	44
71	68	53	44
71	68	53	44
71	68	53	44
71	68	53	44
71	68	53	44
71	68	54	42
71	61	54	42
71	61	54	42
71	61	54	42
71	61	54	42
71	61	54	42
71	61	54	42
71	61	54	42
73	61	54	42
73	61	54	42
73	61	54	42
73	61	54	42
73	61	54	42
73	61	54	42
71	61	54	42
71	66	54	42
71	66	54	42
71	66	54	42
71	66	54	42
71	66	54	42
71	66	56	42
69	66	56	42
69	66	56	42
69	66	56	42
69	66	54	42
69	66	54	42
69	66	54	42
69	66	54	44
68	66	54	44
68	66	54	44
68	66	54	44
68	66	54	44
68	66	54	44
68	66	54	44
68	66	54	44
68	68	54	44
68	68	54	44
68	68	54	44
68	68	54	44
68	68	54	44
68	68	57	45
73	66	57	45
73	66	57	45
73	66	57	45
73	66	57	45
73	66	57	45
73	66	57	45
73	66	57	45
73	64	57	45
73	64	57	45
73	64	57	45
73	64	57	45
73	64	57	45
73	64	57	45
66	64	51	47
66	63	51	47
66	63	51	47
66	63	51	47
66	63	51	47
66	63	51	47
66	63	51	47
66	63	51	47
66	63	51	47
66	63	51	47
66	63	51	47
66	63	51	47
66	63	51	47
66	63	56	47
74	71	56	47
74	71	56	47
74	71	56	47
74	71	56	47
74	71	56	47
74	71	56	47
74	71	56	49
74	71	56	49
74	71	56	49
74	71	56	47
74	71	56	47
74	71	56	47
74	71	56	0
73	65	56	47
73	65	56	47
73	65	56	47
73	65	56	47
73	65	56	47
73	65	56	47
73	65	57	47
73	65	57	47
73	65	57	47
73	65	57	47
73	65	57	47
73	65	57	47
73	65	57	47
71	65	56	50
71	66	56	50
71	66	56	50
71	66	56	50
71	66	56	50
71	66	56	50
71	66	54	50
69	66	54	50
69	66	54	50
69	66	54	50
69	66	54	50
69	66	54	50
69	66	54	50
69	66	53	44
71	68	53	44
71	68	53	44
71	68	53	44
71	68	53	44
71	68	53	44
71	68	53	44
69	68	53	44
69	68	53	44
69	68	53	44
69	68	53	44
69	68	53	44
69	68	53	44
69	68	0	49
71	65	0	49
71	65	0	49
71	65	0	49
71	65	0	49
71	65	0	49
71	65	0	49
71	65	0	49
68	65	0	49
68	65	0	49
68	65	0	49
68	65	0	49
68	65	0	49
68	65	0	49
69	65	0	49
69	66	0	49
69	66	0	49
69	66	0	49
69	66	0	49
69	66	0	49
69	66	0	51
71	66	0	51
71	66	0	51
71	66	0	51
71	66	0	51
71	66	0	51
71	66	0	51
0	66	0	0
71	68	0	0
0	68	0	51
71	68	0	51
73	68	0	51
73	68	0	51
73	68	0	51
0	68	0	47
69	68	0	47
69	68	0	47
69	68	0	47
71	68	0	47
71	68	0	47
71	68	0	45
0	61	0	45
71	61	0	45
71	61	0	45
71	61	0	45
71	61	0	45
71	61	0	45
71	61	0	44
65	61	0	44
65	61	0	44
65	61	0	44
65	61	0	44
65	61	0	44
65	61	0	44
65	61	49	45
66	0	49	45
66	0	49	45
66	0	49	45
66	0	49	45
66	0	49	45
66	0	49	42
71	0	49	42
71	0	49	42
71	0	49	42
71	0	49	42
71	0	49	42
71	0	49	42
71	0	51	47
69	0	51	47
0	0	51	47
69	0	51	47
68	0	51	47
68	0	51	47
69	0	51	47
68	0	51	47
68	0	51	47
69	0	51	47
69	0	51	47
69	0	51	47
69	0	51	47
69	0	53	49
69	56	53	49
69	56	53	49
69	56	53	49
69	56	53	49
69	56	53	49
69	56	53	49
0	56	53	49
66	56	53	49
66	56	53	49
66	56	53	49
66	56	53	49
66	56	53	49
66	56	53	49
0	56	54	42
66	58	54	42
66	58	54	42
66	58	54	42
66	58	54	42
66	58	54	42
66	58	54	42
66	58	54	42
66	58	54	42
66	58	54	42
66	58	54	42
66	58	54	42
66	58	54	42
66	58	54	42
66	59	54	42
66	59	54	42
66	59	54	42
66	59	54	42
0	59	54	42
0	59	54	42
0	59	56	42
0	59	56	42
0	59	56	42
0	59	54	42
0	59	54	42
0	59	54	42
0	59	0	42
0	61	54	42
0	61	54	42
0	61	54	42
0	61	54	42
0	61	54	42
0	61	54	42
0	61	54	42
0	61	54	42
0	61	54	42
0	61	54	42
0	61	54	42
0	61	54	42
0	61	54	42
0	61	58	42
0	61	58	42
0	61	58	42
0	61	58	42
0	61	58	42
0	61	58	42
0	0	58	42
0	0	58	42
0	63	58	42
0	63	58	42
0	63	58	42
0	61	58	42
0	61	58	42
0	61	51	42
0	0	51	42
0	61	51	42
0	61	51	42
0	61	51	42
0	61	51	42
0	61	51	42
0	61	51	44
0	61	51	44
0	61	51	44
0	61	51	44
0	61	51	44
0	61	51	44
0	61	56	42
0	61	56	42
0	64	56	42
0	64	56	42
0	64	56	42
0	64	56	42
0	64	56	42
0	64	56	40
0	64	56	40
0	64	56	40
0	64	56	40
0	64	56	40
0	64	56	40
0	64	56	40
0	64	56	39
0	58	56	39
0	58	56	39
0	58	56	39
0	58	56	39
0	58	56	39
0	58	58	37
0	58	58	37
0	58	58	37
0	58	58	37
0	58	58	37
0	58	58	37
0	58	58	37
0	58	56	35
0	63	56	35
0	63	56	35
0	63	56	35
0	63	56	35
0	63	56	35
0	63	56	35
0	63	54	34
0	63	54	34
0	63	54	34
0	63	54	34
0	63	54	34
0	63	54	34
0	63	52	32
0	63	52	32
0	63	52	32
0	63	52	32
0	63	52	32
0	63	52	32
0	63	52	32
0	0	52	32
0	64	52	32
0	64	52	32
0	64	52	32
0	64	52	32
0	64	52	32
0	64	52	32
0	64	52	44
0	63	52	44
0	63	52	44
0	63	52	44
0	63	52	44
0	63	52	44
0	63	52	44
0	63	52	44
0	61	52	44
0	61	52	44
0	61	52	44
0	61	52	44
0	61	52	44
0	61	52	46
0	59	52	46
0	59	52	46
0	59	52	46
0	59	52	46
0	59	52	46
0	59	52	46
0	59	52	46
0	58	52	46
0	58	52	46
0	58	52	46
0	58	52	46
0	58	52	46
0	58	52	47
0	58	52	47
59	56	52	47
59	56	52	47
59	56	52	47
59	56	52	47
59	56	52	47
59	56	52	47
59	54	52	47
59	54	52	47
59	54	52	47
59	54	52	47
59	54	52	47
59	54	52	47
59	54	52	47
61	56	52	47
61	56	52	47
61	56	52	47
61	56	52	47
61	56	52	47
61	56	54	47
61	56	54	47
61	56	54	47
61	56	54	47
61	56	54	47
61	56	54	47
61	56	54	47
61	56	52	49
63	56	52	49
63	56	52	49
63	56	52	49
63	56	52	49
63	56	52	49
63	56	52	49
63	56	51	47
63	56	51	47
63	56	51	47
63	56	51	47
63	56	51	47
63	56	51	47
63	56	49	46
63	56	49	46
64	54	49	46
64	54	49	46
64	54	49	46
64	54	49	46
64	54	49	46
64	54	47	46
64	54	47	46
64	54	47	46
64	54	47	46
64	54	47	46
64	54	47	46
64	54	47	46
64	54	49	42
64	54	49	42
64	54	49	42
64	54	49	42
0	54	49	42
0	54	49	42
0	54	46	42
0	54	46	42
66	54	46	42
66	54	46	42
66	54	46	42
64	54	46	42
64	54	46	42
64	54	47	47
0	54	47	47
64	54	47	47
64	54	47	47
64	54	47	47
64	54	47	47
64	54	47	47
64	0	47	47
64	61	47	47
64	61	47	47
64	61	47	47
64	61	47	47
64	61	47	47
64	61	0	47
64	61	47	47
68	59	47	47
68	59	47	47
68	59	47	47
68	59	47	47
68	59	47	47
68	59	47	47
68	59	47	47
68	57	47	47
68	57	47	47
68	57	47	47
68	57	47	47
68	57	47	47
68	57	0	47
61	56	51	47
61	56	51	47
61	56	51	47
61	56	51	47
61	56	51	47
61	56	51	47
61	56	51	47
61	59	51	47
61	59	51	47
61	59	51	47
61	59	51	47
61	59	51	47
61	59	0	47
66	59	52	47
66	57	52	47
66	57	52	47
66	57	52	47
66	57	52	47
66	57	52	47
66	57	52	47
66	61	52	47
66	61	52	47
66	61	52	47
66	61	52	47
66	61	52	47
66	61	56	47
66	61	56	47
66	59	56	47
66	59	56	47
66	59	56	47
66	59	56	47
66	59	56	47
0	59	56	47
0	59	56	47
68	59	56	47
68	59	56	47
68	59	56	47
68	59	56	47
68	59	56	47
68	59	56	47
66	59	56	47
66	59	56	47
66	59	56	47
66	59	56	47
66	59	56	47
66	59	57	47
66	59	57	47
64	59	57	47
64	59	57	47
64	59	56	47
64	59	56	47
64	59	56	47
64	59	56	47
64	59	56	47
63	59	56	47
63	59	56	47
63	59	56	47
63	59	56	47
63	59	56	47
63	0	56	47
64	0	56	47
64	61	56	47
64	61	56	47
64	61	56	47
64	61	56	47
64	61	59	47
64	61	59	47
66	62	59	47
66	62	59	47
66	62	59	47
66	62	59	47
66	62	59	47
66	62	59	47
66	62	59	47
68	62	59	47
68	62	59	47
68	62	59	47
68	62	59	47
68	62	59	47
68	62	52	49
69	62	52	49
69	64	52	49
69	64	52	49
69	64	52	49
69	64	52	49
69	64	52	49
69	64	52	49
71	64	52	49
71	64	52	49
71	64	52	49
71	64	52	49
71	64	52	49
71	64	57	49
71	64	57	49
73	64	57	49
73	64	57	49
73	64	57	49
73	64	57	49
73	64	57	49
73	64	57	49
71	64	57	49
71	64	57	49
71	64	57	49
71	64	57	49
71	64	57	49
71	0	57	51
71	0	57	51
69	66	57	51
69	66	57	51
69	66	57	51
69	66	57	51
69	66	57	51
69	66	59	51
69	66	59	51
68	66	59	51
68	66	59	51
68	66	59	51
68	66	59	51
68	66	59	51
68	66	57	52
66	66	57	52
66	59	57	52
66	59	57	52
66	59	57	52
66	59	57	52
66	59	56	52
66	59	56	52
64	59	56	52
64	59	56	52
64	59	56	52
64	59	56	52
64	59	56	52
64	59	54	45
64	59	54	45
64	59	54	45
64	59	54	45
64	59	54	45
63	59	54	45
64	59	54	45
64	59	54	49
64	59	54	49
64	59	54	49
64	59	54	49
64	59	54	49
64	59	54	49
64	59	54	47
64	59	54	47
64	59	54	47
64	59	54	47
64	59	54	47
64	59	54	47
64	59	54	47
64	59	54	45
64	59	54	45
64	59	54	45
64	59	54	45
64	59	54	45
64	59	54	45
0	59	54	45
0	59	56	44
64	59	56	44
64	59	56	44
64	59	56	44
64	59	56	44
64	59	56	44
64	59	56	42
64	59	56	42
64	59	56	42
64	59	56	42
64	59	56	42
64	59	56	42
64	59	56	42
64	59	54	40
64	0	54	40
66	57	54	40
66	57	54	40
66	57	54	40
66	57	54	40
66	57	54	40
66	57	54	39
66	57	54	39
66	57	54	39
66	57	54	39
66	57	54	39
66	57	54	39
66	57	54	40
66	57	54	40
59	57	54	40
59	57	54	40
59	57	54	40
59	57	54	40
59	57	54	40
59	57	54	42
59	57	54	42
59	57	54	42
59	57	54	42
59	57	54	42
59	57	54	42
59	57	54	42
59	57	47	44
64	57	47	44
64	56	47	44
64	56	47	44
64	56	47	44
64	56	47	44
64	56	47	45
64	56	47	45
64	56	47	45
64	56	47	45
64	56	47	45
64	56	47	45
64	56	0	45
64	56	47	47
64	56	47	47
64	54	47	47
64	54	47	47
64	54	47	47
64	54	47	47
64	54	47	47
64	54	47	47
64	54	47	47
64	54	47	47
64	54	47	47
64	54	47	47
64	54	47	47
64	54	47	35
0	54	47	35
63	54	47	35
63	54	47	35
63	54	47	35
63	54	47	35
63	54	47	35
63	54	47	35
63	54	47	35
63	54	47	35
63	54	47	35
63	54	47	35
63	54	47	35
63	54	47	35
63	54	47	40
63	54	47	40
64	56	47	40
64	56	47	40
64	56	47	40
64	56	47	40
64	56	47	40
64	56	47	40
64	56	47	40
64	56	47	40
64	56	47	40
64	56	47	40
64	0	47	40
64	0	40	40
64	0	40	40
64	61	40	40
64	61	40	40
64	61	40	40
64	61	40	40
64	61	40	40
64	61	40	40
64	61	40	40
64	61	40	40
64	61	40	40
64	61	40	40
64	61	40	40
64	61	40	40
64	61	42	40
63	61	42	40
63	61	42	40
63	61	42	40
63	61	42	40
63	61	42	40
63	61	42	40
63	61	42	40
63	61	42	40
63	61	42	40
63	61	42	40
63	61	42	40
63	61	42	40
63	61	44	40
63	0	44	40
62	59	44	40
62	59	44	40
62	59	44	40
62	59	44	40
62	59	44	40
62	59	44	40
62	59	44	40
62	59	44	40
62	59	44	40
62	59	44	40
62	59	44	40
62	59	45	40
62	59	45	40
61	59	45	40
61	59	45	40
61	59	45	40
61	59	45	40
61	59	45	40
61	59	45	40
61	59	45	40
61	59	45	40
61	59	45	40
61	59	45	40
61	59	45	40
61	59	45	40
61	59	45	40
66	0	45	40
66	57	45	40
66	57	45	40
66	57	45	40
66	57	45	40
66	57	47	40
66	57	47	40
66	57	47	40
66	57	47	40
66	57	45	40
66	57	45	40
66	57	45	40
66	57	45	40
66	57	45	40
66	57	45	40
66	59	45	40
66	59	45	40
66	59	45	40
66	59	45	40
66	59	45	40
66	59	45	40
66	59	45	40
66	59	45	40
66	59	45	40
66	59	45	40
66	59	49	40
0	59	49	40
64	59	49	40
64	61	49	40
64	61	49	40
64	61	49	40
64	61	49	40
64	61	49	40
64	61	49	40
64	61	49	40
64	61	49	40
64	61	49	40
64	61	49	40
64	61	49	40
64	61	42	40
64	61	42	40
66	62	42	40
66	62	42	40
66	62	42	40
66	62	42	40
66	62	42	40
66	62	42	40
66	62	42	40
66	62	42	40
66	62	42	40
66	62	42	40
66	62	42	40
66	62	47	40
66	62	47	40
68	62	47	40
68	62	47	40
68	62	47	40
68	62	47	40
68	0	47	40
68	0	47	40
68	0	47	40
68	64	47	40
68	64	47	40
68	64	47	40
68	64	47	40
68	62	47	40
68	62	47	40
69	62	47	40
69	62	47	40
69	62	47	40
69	62	47	40
69	62	0	40
69	62	49	40
69	62	49	40
69	62	49	40
69	62	49	40
69	62	49	40
69	62	49	40
69	62	49	40
69	62	47	40
69	62	47	40
69	66	47	40
69	66	47	40
69	66	47	40
69	66	47	40
69	66	47	40
69	66	45	40
69	66	45	40
69	66	45	40
69	66	45	40
69	66	45	40
69	66	45	40
69	66	44	40
69	66	44	40
69	66	44	40
69	59	44	40
69	59	44	40
0	59	44	40
0	59	44	40
0	59	42	40
0	59	42	40
73	59	42	40
73	59	42	40
73	59	42	40
73	59	42	40
0	59	42	40
0	59	44	40
71	59	44	40
71	64	44	40
71	64	44	40
71	64	44	40
0	64	44	40
0	64	45	40
0	64	45	40
69	64	45	40
69	64	45	40
69	64	45	40
69	64	45	40
69	64	45	40
0	64	47	40
0	64	47	40
68	64	47	40
68	64	47	40
68	64	47	40
68	64	47	40
68	64	47	40
0	0	49	40
69	0	49	40
69	66	49	40
69	66	49	40
69	66	49	40
69	66	49	40
0	66	50	40
0	66	50	40
68	66	50	40
68	64	50	40
68	64	50	40
68	64	50	40
0	64	50	40
0	64	47	40
0	64	47	40
66	62	47	40
66	62	47	40
66	62	47	40
66	62	47	40
0	62	47	40
0	62	49	40
64	62	49	40
64	61	49	40
64	61	49	40
64	61	49	40
64	61	49	40
64	61	44	40
64	61	44	40
64	61	44	40
64	62	44	40
64	62	44	40
64	62	44	40
64	62	44	40
64	62	45	40
64	62	45	40
64	61	45	40
64	61	45	40
64	61	45	40
64	61	45	40
64	61	45	40
64	61	47	40
64	61	47	40
64	59	47	40
64	59	47	40
64	59	47	40
64	59	47	40
64	59	49	40
64	59	49	40
64	59	49	40
64	57	49	40
64	57	49	40
64	57	49	40
64	57	49	40
64	57	51	40
64	57	51	40
64	59	51	40
64	59	51	40
64	59	51	40
64	59	51	40
64	59	51	40
64	59	52	40
64	59	52	40
64	57	52	40
64	57	52	40
64	57	52	40
64	57	52	40
64	57	49	40
64	57	49	40
64	57	49	40
64	56	49	40
64	56	49	40
64	56	49	40
64	56	49	0
64	56	54	0
64	56	54	0
0	0	54	0
0	0	54	0
0	0	54	0
0	0	54	0
0	0	54	0
0	0	54	0
59	0	54	0
59	0	54	0
59	0	54	0
59	0	54	0
61	0	54	0
61	0	54	0
61	0	54	0
63	0	54	0
63	0	54	0
63	0	54	0
63	0	54	0
63	0	54	0
63	0	54	0
63	0	54	0
64	0	54	0
64	0	54	0
64	0	54	0
64	0	54	0
64	0	54	0
64	0	54	0
66	0	54	0
66	0	54	0
66	0	54	0
66	0	54	0
66	0	54	0
66	0	54	0
66	0	54	0
68	0	54	0
68	0	54	0
68	0	54	0
68	0	54	0
68	0	54	0
68	0	54	0
68	0	54	0
69	0	54	0
69	0	54	0
69	0	54	0
69	0	54	0
69	0	54	0
69	0	0	0
69	0	0	0
69	59	0	0
69	59	0	0
69	59	0	0
69	59	0	0
69	59	52	51
69	59	52	51
69	59	52	51
69	61	52	51
69	61	52	51
64	61	52	51
64	61	52	51
64	61	52	51
64	61	52	51
66	61	52	51
66	61	52	51
66	61	52	51
68	61	52	51
68	61	52	51
68	61	52	51
69	61	52	51
69	61	52	51
69	61	52	51
69	61	52	51
69	61	52	51
69	61	52	51
69	61	52	51
69	61	52	51
69	61	52	51
69	61	52	51
69	61	52	51
69	61	52	51
69	61	52	51
69	61	52	51
73	0	52	51
73	0	52	51
73	0	52	51
73	0	52	51
73	0	52	51
73	0	52	51
73	0	52	51
73	69	52	51
73	69	52	51
73	69	52	51
73	69	52	51
73	69	52	51
73	69	52	51
73	69	52	51
73	66	52	51
73	66	52	51
73	66	52	51
73	66	52	51
73	66	52	51
0	66	52	51
75	66	52	51
75	66	52	51
75	66	52	51
75	66	52	51
75	66	52	51
75	66	52	51
75	66	52	51
76	71	52	51
76	71	52	51
76	71	52	51
76	71	52	51
76	71	52	51
76	71	52	51
76	71	52	51
76	71	52	51
76	71	52	51
76	71	52	51
76	71	52	51
76	71	52	51
76	71	52	51
76	71	52	51
76	71	52	51
76	71	52	51
76	71	52	51
76	71	52	51
76	71	52	51
76	71	52	51
76	71	52	51
76	71	52	51
76	71	52	51
76	71	52	51
76	71	52	51
76	71	52	51
76	71	52	51
76	71	52	51
76	71	52	51
76	71	52	51
76	71	52	51
76	71	52	51
76	71	52	51
76	71	52	51
76	71	52	51
76	71	52	51
76	71	52	51
76	71	52	51
76	71	52	51
76	71	52	51
76	71	52	51
76	71	52	51
76	71	52	51
76	71	52	51
76	71	52	51
76	71	52	51
76	71	52	51
76	71	52	51
76	71	52	51
76	71	52	51
76	71	52	0
76	71	0	0
76	71	0	0