0	58	0	0
0	58	0	0
0	58	0	0
0	58	0	0
0	58	0	0
0	58	0	0
0	58	0	0
0	58	0	0
0	54	0	0
0	54	0	0
0	54	0	0
0	54	0	0
0	54	0	0
0	54	0	0
0	54	0	0
0	54	0	0
0	51	0	0
0	51	0	0
0	51	0	0
0	51	0	0
0	51	0	0
0	51	0	0
0	51	0	0
0	51	0	0
0	59	0	0
0	59	0	0
0	59	0	0
0	59	0	0
0	59	0	0
0	59	0	0
0	59	0	0
0	59	0	0
0	58	0	0
0	58	0	0
0	58	0	0
0	58	0	0
0	58	0	0
0	58	0	0
0	58	0	0
0	0	0	0
0	63	0	0
0	63	0	0
0	63	0	0
0	63	0	0
0	63	0	0
0	63	0	0
0	63	0	0
0	63	0	0
0	62	0	0
0	62	0	0
0	62	0	0
0	62	0	0
0	62	0	0
0	62	0	0
0	62	0	0
0	0	0	0
0	56	0	0
0	56	0	0
0	56	0	0
0	56	0	0
0	56	0	0
0	56	0	0
0	56	0	0
0	56	0	0
0	55	0	0
0	55	0	0
0	55	0	0
0	55	0	0
0	55	0	0
0	55	0	0
0	55	0	0
0	0	0	0
0	64	0	0
0	64	0	0
0	64	0	0
0	64	0	0
0	64	0	0
0	64	0	0
0	64	0	0
0	64	0	0
0	63	0	0
0	63	0	0
0	63	0	0
0	63	0	0
0	63	0	0
0	63	0	0
0	63	0	0
0	0	0	0
0	58	0	0
0	58	0	0
0	58	0	0
0	58	0	0
0	58	0	0
0	58	0	0
0	58	0	0
0	58	0	0
0	57	0	0
0	57	0	0
0	57	0	0
0	57	0	0
0	57	0	0
0	57	0	0
0	57	0	0
0	0	0	0
0	66	0	0
0	66	0	0
0	66	0	0
0	66	0	0
0	66	0	0
0	66	0	0
0	66	0	0
0	66	0	0
0	65	0	0
0	65	0	0
0	65	0	0
0	65	0	0
0	65	0	0
0	65	0	0
0	65	0	0
0	0	0	0
0	64	0	0
0	64	0	0
0	64	0	0
0	64	0	0
0	64	0	0
0	64	0	0
0	64	0	0
0	64	0	0
0	65	0	0
0	65	0	0
0	65	0	0
0	65	0	0
0	65	0	0
0	65	0	0
0	65	0	0
0	65	0	0
0	61	0	0
0	61	0	0
0	61	0	0
0	61	0	0
0	61	0	0
0	61	0	0
0	61	0	0
0	61	0	0
0	58	0	0
0	58	0	0
0	58	0	0
0	58	0	0
0	58	0	0
0	58	0	0
0	58	0	0
0	58	0	0
0	61	0	0
0	60	0	0
0	61	0	0
0	60	0	0
0	61	0	0
0	60	0	0
0	61	0	0
0	60	0	0
0	61	0	0
0	60	0	0
0	61	0	0
0	60	0	0
0	61	0	0
0	60	0	0
0	61	0	0
0	60	0	0
0	61	0	0
0	60	0	0
0	61	0	0
0	60	0	0
0	61	0	0
0	60	0	0
0	61	0	0
0	60	0	0
0	61	0	0
0	60	0	0
0	61	0	0
0	60	0	0
0	61	0	0
0	60	0	0
0	61	0	0
0	60	0	0
0	58	0	0
0	58	0	0
0	58	0	0
0	58	0	0
0	58	0	0
0	58	0	0
0	58	0	0
0	58	0	0
0	58	51	0
0	58	51	0
0	58	51	0
0	58	51	0
0	57	51	0
0	57	51	0
0	57	51	0
0	57	51	0
0	58	49	0
0	58	49	0
0	58	49	0
0	58	49	0
0	60	49	0
0	60	49	0
0	60	49	0
0	60	49	0
0	61	46	0
0	61	46	0
0	61	46	0
0	61	46	0
0	65	46	0
0	65	46	0
0	65	46	0
0	65	46	0
0	63	54	0
0	63	54	0
0	63	54	0
0	63	54	0
0	60	54	0
0	60	54	0
0	60	54	0
0	60	54	0
0	61	51	0
0	61	51	0
0	61	51	0
0	61	51	0
0	64	51	0
0	64	51	0
0	64	51	0
0	64	0	0
0	70	56	0
0	70	56	0
0	70	56	0
0	70	56	0
0	70	56	0
0	70	56	0
0	70	56	0
0	70	56	0
0	70	55	0
0	70	55	0
0	70	55	0
0	70	55	0
0	70	55	0
0	70	55	0
0	70	55	0
0	70	0	0
0	68	49	0
0	68	49	0
0	68	49	0
0	68	49	0
0	68	49	0
0	68	49	0
0	68	49	0
0	68	49	0
0	68	48	0
0	68	48	0
0	68	48	0
0	68	48	0
0	68	48	0
0	68	48	0
0	68	48	0
0	68	0	0
0	66	57	0
0	66	57	0
0	66	57	0
0	66	57	0
0	66	57	0
0	66	57	0
0	66	57	0
0	66	57	0
0	66	56	0
0	66	56	0
0	66	56	0
0	66	56	0
0	66	56	0
0	66	56	0
0	66	56	0
0	66	0	0
0	65	51	0
0	65	51	0
0	65	51	0
0	65	51	0
0	65	51	0
0	65	51	0
0	65	51	0
0	65	51	0
0	65	50	0
0	65	50	0
0	65	50	0
0	65	50	0
0	65	50	0
0	65	50	0
0	65	50	0
0	65	0	0
0	63	59	0
0	63	59	0
0	63	59	0
0	63	59	0
0	63	59	0
0	63	59	0
0	63	59	0
0	63	59	0
0	63	58	0
0	63	58	0
0	63	58	0
0	63	58	0
0	63	58	0
0	63	58	0
0	63	58	0
0	63	0	0
0	63	57	0
0	63	57	0
0	63	57	0
0	63	57	0
0	63	57	0
0	63	57	0
0	63	57	0
0	63	57	0
0	62	58	0
0	62	58	0
0	62	58	0
0	62	58	0
0	62	58	0
0	62	58	0
0	62	58	0
0	62	58	0
0	63	54	0
0	63	54	0
0	63	54	0
0	63	54	0
0	63	54	0
0	63	54	0
0	63	54	0
0	63	54	0
0	63	51	0
0	63	51	0
0	63	51	0
0	63	51	0
0	63	51	0
0	63	51	0
0	63	51	0
0	63	51	0
0	63	53	0
0	63	53	0
0	63	53	0
0	63	53	0
0	65	53	0
0	65	53	0
0	65	53	0
0	65	53	0
0	66	53	0
0	66	53	0
0	66	53	0
0	66	53	0
0	68	53	0
0	68	53	0
0	68	53	0
0	68	53	0
0	70	53	0
0	70	53	0
0	70	53	0
0	70	53	0
0	71	53	0
0	71	53	0
0	71	53	0
0	71	53	0
0	63	53	0
0	63	53	0
0	63	53	0
0	63	53	0
0	62	53	0
0	62	53	0
0	62	53	0
0	62	53	0
0	66	51	0
0	66	51	0
0	66	51	0
0	66	51	0
0	66	58	0
0	66	58	0
0	66	58	0
0	66	58	0
0	66	60	0
0	66	60	0
0	66	60	0
0	66	60	0
0	66	62	0
0	66	62	0
0	66	62	0
0	66	62	0
0	66	63	0
0	66	63	0
0	66	63	0
0	66	63	0
0	66	65	0
0	66	65	0
0	66	65	0
0	66	65	0
0	66	58	0
0	66	58	0
0	66	58	0
0	66	58	0
0	66	57	0
0	66	57	0
0	66	57	0
0	66	57	0
0	66	61	0
0	66	61	0
0	66	61	0
0	66	61	0
0	66	61	0
0	66	61	0
0	66	61	0
0	66	61	0
0	64	61	0
0	64	61	0
0	64	61	0
0	64	61	0
0	64	61	0
0	64	61	0
0	64	61	0
0	64	61	0
0	63	61	0
0	63	61	0
0	63	61	0
0	63	61	0
0	63	61	0
0	63	61	0
0	63	61	0
0	63	61	0
0	67	61	0
0	67	61	0
0	67	61	0
0	67	61	0
0	67	61	0
0	67	61	0
0	67	61	0
0	67	61	0
0	68	61	0
0	68	61	0
0	68	61	0
0	68	61	0
0	68	61	0
0	68	61	0
0	68	61	0
0	68	61	0
0	68	59	0
0	68	59	0
0	68	59	0
0	68	59	0
0	68	59	0
0	68	59	0
0	68	59	0
0	68	59	0
0	68	58	0
0	68	58	0
0	68	58	0
0	68	58	0
0	68	58	0
0	68	58	0
0	68	58	0
0	68	58	0
0	68	62	0
0	68	62	0
0	68	62	0
0	68	62	0
0	68	62	0
0	68	62	0
0	68	62	0
0	68	62	0
0	68	63	0
0	68	63	0
0	68	63	0
0	68	63	0
0	68	63	0
0	68	63	0
0	68	63	0
0	68	63	0
0	66	63	0
0	66	63	0
0	66	63	0
0	66	63	0
0	66	63	0
0	66	63	0
0	66	63	0
0	66	63	0
0	65	63	0
0	65	63	0
0	65	63	0
0	65	63	0
0	65	63	0
0	65	63	0
0	65	63	0
0	65	63	0
0	69	63	0
0	69	63	0
0	69	63	0
0	69	63	0
0	69	63	0
0	69	63	0
0	69	63	0
0	69	63	0
0	70	63	0
0	70	63	0
0	70	63	0
0	70	63	0
0	70	63	0
0	70	63	0
0	70	63	0
0	70	63	0
0	70	62	46
0	70	62	46
0	70	62	46
0	70	62	46
0	71	62	46
0	71	62	46
0	71	62	46
0	71	62	46
0	70	63	42
0	70	63	42
0	70	63	42
0	70	63	42
0	68	63	42
0	68	63	42
0	68	63	42
0	68	63	42
0	66	63	39
0	66	63	39
0	66	63	39
0	66	63	39
0	63	63	39
0	63	63	39
0	63	63	39
0	63	63	39
0	65	0	47
0	65	0	47
0	65	0	47
0	65	0	47
0	68	0	47
0	68	0	47
0	68	0	47
0	68	0	47
0	66	0	46
0	66	0	46
0	66	0	46
0	66	0	46
0	63	0	46
0	63	0	46
0	63	0	46
0	63	0	0
0	58	65	51
0	58	65	51
0	58	65	51
0	58	65	51
0	58	65	51
0	58	65	51
0	58	65	51
0	58	65	51
0	70	65	50
0	70	65	50
0	70	65	50
0	70	65	50
0	70	65	50
0	70	65	50
0	70	65	50
0	70	65	0
0	70	63	44
0	70	63	44
0	70	63	44
0	70	63	44
0	70	63	44
0	70	63	44
0	70	63	44
0	70	63	44
0	70	63	43
0	70	63	43
0	70	63	43
0	70	63	43
0	71	63	43
0	71	63	43
0	71	63	43
0	71	63	0
0	70	61	52
0	70	61	52
0	70	61	52
0	70	61	52
0	68	61	52
0	68	61	52
0	68	61	52
0	68	61	52
0	67	61	51
0	67	61	51
0	67	61	51
0	67	61	51
0	65	61	51
0	65	61	51
0	65	61	51
0	65	61	0
0	63	60	46
0	63	60	46
0	63	60	46
0	63	60	46
0	65	60	46
0	65	60	46
0	66	60	46
0	66	60	46
0	65	60	45
0	65	60	45
0	65	60	45
0	65	60	45
0	65	60	45
0	65	60	45
0	65	60	45
0	65	60	45
0	65	58	54
0	65	58	54
0	65	58	54
0	65	58	54
0	63	58	54
0	63	58	54
0	63	58	54
0	63	58	54
0	61	58	53
0	61	58	53
0	61	58	53
0	61	58	53
0	66	58	53
0	66	58	53
0	66	58	53
0	66	58	53
0	60	58	52
0	60	58	52
0	60	58	52
0	60	58	52
0	60	58	52
0	60	58	52
0	60	58	52
0	60	58	52
0	60	57	53
0	60	57	53
0	60	57	53
0	60	57	53
0	60	57	53
0	60	57	53
0	60	57	53
0	60	57	53
0	61	58	49
0	61	58	49
0	61	58	49
0	61	58	49
0	61	58	49
0	61	58	49
0	61	58	49
0	61	58	49
0	61	58	46
0	61	58	46
0	61	58	46
0	61	58	46
0	61	58	46
0	61	58	46
0	61	58	46
0	61	58	46
0	63	58	48
0	63	58	48
0	63	58	48
0	63	58	48
0	63	60	48
0	63	60	48
0	63	60	48
0	63	60	48
0	63	61	48
0	63	61	48
0	63	61	48
0	63	61	48
0	63	63	48
0	63	63	48
0	63	63	48
0	63	63	48
0	63	65	48
0	63	65	48
0	63	65	48
0	63	65	48
0	63	66	48
0	63	66	48
0	63	66	48
0	63	66	48
0	63	58	48
0	63	58	48
0	63	58	48
0	63	58	48
0	63	57	48
0	63	57	48
0	63	57	48
0	63	57	48
0	63	58	46
0	63	58	46
0	63	58	46
0	63	58	46
0	63	58	46
0	63	58	46
0	63	58	46
0	63	58	46
0	63	58	47
0	63	58	47
0	63	58	47
0	63	58	47
0	63	58	49
0	63	58	49
0	63	58	49
0	63	58	49
0	61	58	51
0	61	58	51
0	61	58	51
0	61	58	51
0	61	58	52
0	61	58	52
0	61	58	52
0	61	58	52
0	61	58	44
0	61	58	44
0	61	58	44
0	61	58	44
0	61	58	43
0	61	58	43
0	61	58	43
0	61	58	43
0	60	58	44
0	60	58	44
0	60	58	44
0	60	58	44
0	60	58	46
0	60	58	46
0	60	58	46
0	60	58	46
0	60	58	47
0	60	58	47
0	60	58	47
0	60	58	47
0	60	58	44
0	60	58	44
0	60	58	44
0	60	58	44
0	60	56	50
0	60	56	50
0	60	56	50
0	60	56	50
0	60	56	51
0	60	56	51
0	60	56	51
0	60	56	51
0	60	56	42
0	60	56	42
0	60	56	42
0	60	56	42
0	60	56	41
0	60	56	41
0	60	56	41
0	60	56	41
0	58	56	42
0	58	56	42
0	58	56	42
0	58	56	42
0	58	56	42
0	58	56	42
0	58	56	42
0	58	56	42
63	58	56	39
63	58	56	39
63	58	56	39
63	58	56	39
63	58	54	39
63	58	54	39
63	58	54	39
63	58	54	39
61	58	53	46
61	58	53	46
61	58	53	46
61	58	53	46
61	58	51	46
61	58	51	46
61	58	51	46
61	58	51	46
58	58	49	46
58	58	49	46
58	58	49	46
58	58	49	46
58	58	46	46
58	58	46	46
58	58	46	46
58	58	46	46
66	57	48	46
66	57	48	46
66	57	48	46
66	57	48	46
66	57	51	46
66	57	51	46
66	57	51	46
66	57	51	46
63	55	49	46
63	55	49	46
63	55	49	46
63	55	49	46
63	55	46	46
63	55	46	46
63	55	46	46
63	55	46	46
68	0	52	46
68	0	52	46
68	0	52	46
68	0	52	46
68	0	52	46
68	0	52	46
68	0	52	46
68	0	52	46
67	0	51	46
67	0	51	46
67	0	51	46
67	0	51	46
67	0	49	46
67	0	49	46
67	0	49	46
67	0	49	46
61	67	51	44
61	67	51	44
61	67	51	44
61	67	51	44
61	67	51	44
61	67	51	44
61	67	51	44
61	67	51	44
60	68	51	44
60	68	51	44
60	68	51	44
60	68	51	44
60	68	51	44
60	68	51	44
60	68	51	44
60	68	51	44
69	0	51	42
69	0	51	42
69	0	51	42
69	0	51	42
69	0	51	42
69	0	51	42
69	0	51	42
69	0	51	42
68	0	51	42
68	0	51	42
68	0	51	42
68	0	51	42
68	0	51	42
68	0	51	42
68	0	51	42
68	0	51	42
63	0	44	41
63	0	44	41
63	0	44	41
63	0	44	41
63	0	44	41
63	0	44	41
63	0	44	41
63	0	44	41
62	68	44	41
62	68	44	41
62	68	44	41
62	68	44	41
62	68	44	41
62	68	44	41
62	68	44	41
62	68	44	41
71	66	51	39
71	66	51	39
71	66	51	39
71	66	51	39
71	65	51	39
71	65	51	39
71	65	51	39
71	65	51	39
70	66	49	39
70	66	49	39
70	66	49	39
70	66	49	39
70	63	49	39
70	63	49	39
70	63	49	39
70	63	49	39
69	65	48	39
69	65	48	39
69	65	48	39
69	65	48	39
69	65	48	39
69	65	48	39
69	65	48	39
69	65	48	39
70	65	46	38
70	65	46	38
70	65	46	38
70	65	46	38
70	65	46	38
70	65	46	38
70	65	46	38
70	65	46	38
66	63	58	39
66	63	58	39
66	63	58	39
66	63	58	39
66	63	58	39
66	63	58	39
66	63	58	39
66	63	58	39
63	58	54	39
63	58	54	39
63	58	54	39
63	58	54	39
63	58	54	39
63	58	54	39
63	58	54	39
63	58	54	39
65	59	56	39
65	59	56	39
65	59	56	39
65	59	56	39
65	59	56	41
65	59	56	41
65	59	56	41
65	59	56	41
65	59	56	42
65	59	56	42
65	59	56	42
65	59	56	42
65	59	56	44
65	59	56	44
65	59	56	44
65	59	56	44
65	59	56	46
65	59	56	46
65	59	56	46
65	59	56	46
65	59	56	47
65	59	56	47
65	59	56	47
65	59	56	47
65	59	56	39
65	59	56	39
65	59	56	39
65	59	56	39
65	59	56	38
65	59	56	38
65	59	56	38
65	59	56	38
65	59	0	42
65	59	0	42
65	59	0	42
65	59	0	42
0	59	0	42
65	59	0	42
65	59	0	42
65	59	0	42
65	53	0	42
66	53	0	42
66	53	0	42
66	53	0	42
66	53	0	42
68	53	0	42
68	53	0	42
68	53	0	42
68	53	50	42
70	53	50	42
70	53	50	42
70	53	50	42
70	53	50	42
71	53	50	42
71	53	50	42
71	53	50	42
71	53	46	42
63	53	46	42
63	53	46	42
63	53	46	42
63	53	46	42
62	53	46	42
62	53	46	42
62	53	46	42
62	58	54	42
63	58	54	42
63	58	54	42
63	58	54	42
63	58	54	38
63	58	54	38
63	58	54	38
63	58	54	38
63	58	54	39
63	58	54	39
63	58	54	39
63	58	54	39
63	58	54	41
63	58	54	41
63	58	54	41
63	58	54	41
63	60	54	42
63	60	54	42
63	60	54	42
63	60	54	42
63	60	54	44
63	60	54	44
63	60	54	44
63	60	54	44
63	60	54	34
63	60	54	34
63	60	54	34
63	60	54	34
63	60	54	33
63	60	54	33
63	60	54	33
63	60	54	33
63	60	53	34
63	60	53	34
63	60	53	34
63	60	53	34
63	60	53	34
57	60	53	34
57	60	53	34
57	60	53	34
57	60	53	34
58	60	53	34
58	60	53	34
58	60	53	34
58	60	53	34
60	60	53	34
60	60	53	34
60	60	53	34
60	58	53	46
61	58	53	46
61	58	53	46
61	58	53	46
61	58	53	46
63	58	53	46
63	58	53	46
63	58	53	46
63	0	53	49
65	0	53	49
65	0	53	49
65	0	53	49
65	0	53	49
58	0	53	49
58	0	53	49
58	0	53	49
58	0	0	51
66	0	0	51
66	0	0	51
66	0	0	51
66	0	0	51
68	0	0	51
68	0	0	51
68	0	0	51
68	0	51	42
70	0	51	42
70	0	51	42
70	0	51	42
70	0	49	42
70	0	49	42
70	0	49	42
70	0	49	42
70	0	48	44
70	0	48	44
70	0	48	44
70	0	48	44
70	0	49	44
70	0	49	44
70	0	49	44
70	0	49	44
70	0	51	48
68	0	51	48
68	0	51	48
68	0	51	48
68	0	51	48
66	0	51	48
66	0	51	48
66	0	51	48
66	0	51	49
65	0	51	49
65	0	51	49
65	0	51	49
65	0	51	49
66	0	51	49
66	0	51	49
66	0	51	49
66	0	49	41
68	0	49	41
68	0	49	41
68	0	49	41
68	0	48	41
68	0	48	41
68	0	48	41
68	0	48	41
68	0	46	42
68	0	46	42
68	0	46	42
68	0	46	42
68	0	48	42
68	0	48	42
68	0	48	42
68	0	48	42
68	0	49	46
66	0	49	46
66	0	49	46
66	0	49	46
66	0	49	46
65	0	49	46
65	0	49	46
65	0	49	46
65	0	49	48
63	0	49	48
63	0	49	48
63	0	49	48
63	0	49	48
65	0	49	48
65	0	49	48
65	0	49	48
65	0	48	39
66	0	48	39
66	0	48	39
66	0	48	39
66	0	46	39
66	0	46	39
66	0	46	39
66	0	46	39
66	0	45	41
66	0	45	41
66	0	45	41
66	0	45	41
66	0	46	41
66	0	46	41
66	0	46	41
66	0	46	41
66	0	48	45
65	0	48	45
65	0	48	45
65	0	48	45
65	0	48	45
63	0	48	45
63	0	48	45
63	0	48	45
63	0	0	46
61	0	0	46
61	0	0	46
61	0	0	46
61	63	0	46
61	63	0	46
61	63	0	46
61	63	0	46
61	65	0	37
61	65	0	37
61	65	0	37
61	65	0	37
61	65	0	37
61	65	0	37
61	65	0	37
61	65	0	37
61	65	58	39
0	65	58	39
0	65	58	39
0	65	58	39
0	65	58	39
0	65	58	39
0	65	58	39
0	65	58	39
0	63	54	42
70	63	54	42
70	63	54	42
70	63	54	42
70	61	54	42
70	61	54	42
70	61	54	42
70	61	54	42
70	59	51	44
70	59	51	44
70	59	51	44
70	59	51	44
70	61	51	44
70	61	51	44
70	61	51	44
70	61	51	44
70	63	0	35
68	63	0	35
68	63	0	35
68	63	0	35
68	63	0	35
66	63	0	35
66	63	0	35
66	63	0	35
66	63	0	37
65	63	0	37
65	63	0	37
65	63	0	37
65	63	0	37
66	63	0	37
66	63	0	37
66	63	0	37
66	61	0	41
68	61	0	41
68	61	0	41
68	61	0	41
68	59	0	41
68	59	0	41
68	59	0	41
68	59	0	41
68	58	0	42
68	58	0	42
68	58	0	42
68	58	0	42
68	59	0	42
68	59	0	42
68	59	0	42
68	59	0	42
68	61	0	34
66	61	0	34
66	61	0	34
66	61	0	34
66	61	0	34
65	61	0	34
65	61	0	34
65	61	0	34
65	61	0	35
63	61	0	35
63	61	0	35
63	61	0	35
63	61	0	35
65	61	0	35
65	61	0	35
65	61	0	35
65	59	0	39
66	59	0	39
66	59	0	39
66	59	0	39
66	58	0	39
66	58	0	39
66	58	0	39
66	58	0	39
66	56	0	41
66	56	0	41
66	56	0	41
66	56	0	41
66	58	0	41
66	58	0	41
66	58	0	41
66	58	0	41
66	59	0	32
65	59	0	32
65	59	0	32
65	59	0	32
65	59	0	32
63	59	0	32
63	59	0	32
63	59	0	32
63	59	0	34
62	59	0	34
62	59	0	34
62	59	0	34
62	59	0	34
63	59	0	34
63	59	0	34
63	59	0	34
63	58	0	38
65	58	0	38
65	58	0	38
65	58	0	38
65	56	0	38
65	56	0	38
65	56	0	38
65	56	0	38
65	0	0	39
65	0	0	39
65	0	0	39
65	0	0	39
65	0	0	39
65	0	0	39
65	0	0	39
65	0	0	39
65	58	0	39
63	58	0	39
63	58	0	39
63	58	0	39
63	58	0	39
62	58	0	39
62	58	0	39
62	58	0	39
62	54	0	39
63	54	0	39
63	54	0	39
63	54	0	39
63	54	0	41
63	54	0	41
63	54	0	41
63	54	0	41
63	51	0	42
63	51	0	42
63	51	0	42
63	51	0	42
63	51	0	46
63	51	0	46
63	51	0	46
63	51	0	46
63	59	0	44
63	59	0	44
63	59	0	44
63	59	0	44
63	59	0	41
62	59	0	41
62	59	0	41
62	59	0	41
62	58	0	42
63	58	0	42
63	58	0	42
63	58	0	42
63	58	0	46
66	58	0	46
66	58	0	46
66	58	0	46
66	63	0	47
65	63	0	47
65	63	0	47
65	63	0	47
65	63	0	44
65	63	0	44
65	63	0	44
65	63	0	44
65	62	0	46
65	62	0	46
65	62	0	46
65	62	0	46
65	62	0	50
65	62	0	50
65	62	0	50
65	62	0	50
65	56	0	51
63	56	0	51
63	56	0	51
63	56	0	51
63	56	0	47
63	56	0	47
63	56	0	47
63	56	0	47
63	55	0	46
63	55	0	46
63	55	0	46
63	55	0	46
63	55	0	44
63	55	0	44
63	55	0	44
63	55	0	44
63	64	0	43
61	64	0	43
61	64	0	43
61	64	0	43
61	64	0	43
61	64	0	43
61	64	0	43
61	64	0	43
61	63	0	43
61	63	0	43
61	63	0	43
61	63	0	43
61	63	0	41
61	63	0	41
61	63	0	41
61	63	0	41
61	58	0	42
60	58	0	42
60	58	0	42
60	58	0	42
60	58	0	44
60	58	0	44
60	58	0	44
60	58	0	44
60	57	0	42
60	57	0	42
60	57	0	42
60	57	0	42
60	57	0	41
60	57	0	41
60	57	0	41
60	57	0	41
60	66	0	39
58	66	0	39
58	66	0	39
58	66	0	39
58	66	0	37
58	66	0	37
58	66	0	37
58	66	0	37
58	65	0	36
58	65	0	36
58	65	0	36
58	65	0	36
58	65	0	34
58	65	0	34
58	65	0	34
58	65	0	34
58	64	0	36
58	64	0	36
58	64	0	36
58	64	0	36
58	64	0	39
58	64	0	39
58	64	0	39
58	64	0	39
58	65	0	37
57	65	0	37
57	65	0	37
57	65	0	37
57	65	0	36
57	65	0	36
57	65	0	36
57	65	0	36
57	61	0	34
58	61	0	34
58	61	0	34
58	61	0	34
58	61	0	37
58	61	0	37
58	61	0	37
58	61	0	37
58	0	0	42
58	0	0	42
58	0	0	42
58	0	0	42
58	0	0	41
58	0	0	41
58	0	0	41
58	0	0	41
58	60	0	39
58	60	0	39
58	60	0	39
58	60	0	39
58	60	0	39
60	60	0	39
60	60	0	39
60	60	0	39
60	60	0	36
61	60	0	36
61	60	0	36
61	60	0	36
61	60	0	36
63	60	0	36
63	60	0	36
63	60	0	36
63	60	0	41
65	60	0	41
65	60	0	41
65	60	0	41
65	60	0	41
66	60	0	41
66	60	0	41
66	60	0	41
66	60	0	29
58	60	0	29
58	60	0	29
58	60	0	29
58	60	0	29
57	60	0	29
57	60	0	29
57	60	0	29
57	61	0	46
58	61	0	46
58	61	0	46
58	61	0	46
58	61	0	47
58	61	0	47
58	61	0	47
58	61	0	47
58	61	0	49
58	61	0	49
58	61	0	49
58	61	0	49
58	61	0	51
58	61	0	51
58	61	0	51
58	61	0	51
58	61	0	52
70	61	0	52
70	61	0	52
70	61	0	52
70	61	0	54
70	61	0	54
70	61	0	54
70	61	0	54
70	61	0	44
70	61	0	44
70	61	0	44
70	61	0	44
70	61	0	43
70	61	0	43
70	61	0	43
70	61	0	43
70	61	0	47
70	61	0	47
70	61	0	47
70	61	0	47
70	61	0	47
70	61	0	47
70	61	0	47
70	61	0	47
70	64	0	47
68	64	0	47
68	64	0	47
68	64	0	47
68	64	0	47
68	64	0	47
68	64	0	47
68	64	0	47
68	63	0	47
67	63	0	47
67	63	0	47
67	63	0	47
67	63	0	47
67	63	0	47
67	63	0	47
67	63	0	47
67	67	0	47
70	67	0	47
70	67	0	47
70	67	0	47
70	67	0	47
70	67	0	47
70	67	0	47
70	67	0	47
70	68	0	47
71	68	0	47
71	68	0	47
71	68	0	47
71	68	0	39
71	68	0	39
71	68	0	39
71	68	0	39
71	68	0	41
71	68	0	41
71	68	0	41
71	68	0	41
71	68	0	42
71	68	0	42
71	68	0	42
71	68	0	42
71	68	0	44
71	68	0	44
71	68	0	44
71	68	0	44
71	68	0	46
71	68	0	46
71	68	0	46
71	68	0	46
71	68	0	39
71	68	0	39
71	68	0	39
71	68	0	39
71	68	0	38
71	68	0	38
71	68	0	38
71	68	0	38
71	68	0	39
71	68	0	39
71	68	0	39
71	68	0	39
71	68	0	39
71	68	0	39
71	68	0	39
71	68	0	39
71	66	0	39
70	66	0	39
70	66	0	39
70	66	0	39
70	66	0	39
70	66	0	39
70	66	0	39
70	66	0	39
70	65	0	39
69	65	0	39
69	65	0	39
69	65	0	39
69	65	0	39
69	65	0	39
69	65	0	39
69	65	0	39
69	69	0	39
72	69	0	39
72	69	0	39
72	69	0	39
72	69	0	39
72	69	0	39
72	69	0	39
72	69	0	39
72	70	0	39
65	70	0	39
65	70	0	39
65	70	0	39
65	70	0	39
65	70	0	39
65	70	0	39
65	70	0	39
65	70	0	38
66	70	0	38
66	70	0	38
66	70	0	38
66	70	0	38
68	70	0	38
68	70	0	38
68	70	0	38
68	0	0	39
66	0	0	39
66	0	0	39
66	0	0	39
66	0	0	39
68	0	0	39
68	0	0	39
68	0	0	39
68	63	0	42
70	63	0	42
70	63	0	42
70	63	0	42
70	61	0	42
70	61	0	42
70	61	0	42
70	61	0	42
70	59	0	44
70	59	0	44
70	59	0	44
70	59	0	44
70	61	0	44
70	61	0	44
70	61	0	44
70	61	0	44
70	63	0	35
68	63	0	35
68	63	0	35
68	63	0	35
68	63	0	35
66	63	0	35
66	63	0	35
66	63	0	35
66	63	0	37
65	63	0	37
65	63	0	37
65	63	0	37
65	63	0	37
66	63	0	37
66	63	0	37
66	63	0	37
66	61	0	41
68	61	0	41
68	61	0	41
68	61	0	41
68	59	0	41
68	59	0	41
68	59	0	41
68	59	0	41
68	58	0	42
68	58	0	42
68	58	0	42
68	58	0	42
68	59	0	42
68	59	0	42
68	59	0	42
68	59	0	42
68	61	0	34
66	61	0	34
66	61	0	34
66	61	0	34
66	61	0	34
65	61	0	34
65	61	0	34
65	61	0	34
65	61	0	35
63	61	0	35
63	61	0	35
63	61	0	35
63	61	0	35
65	61	0	35
65	61	0	35
65	61	0	35
65	59	0	39
66	59	0	39
66	59	0	39
66	59	0	39
66	58	0	39
66	58	0	39
66	58	0	39
66	58	0	39
66	56	0	41
66	56	0	41
66	56	0	41
66	56	0	41
66	58	0	41
66	58	0	41
66	58	0	41
66	58	0	41
66	59	0	32
65	59	0	32
65	59	0	32
65	59	0	32
65	59	0	32
63	59	0	32
63	59	0	32
63	59	0	32
63	59	0	34
62	59	0	34
62	59	0	34
62	59	0	34
62	59	0	34
63	59	0	34
63	59	0	34
63	59	0	34
63	58	0	38
65	58	0	38
65	58	0	38
65	58	0	38
65	56	0	38
65	56	0	38
65	56	0	38
65	56	0	38
65	54	0	39
65	54	0	39
65	54	0	39
65	54	0	39
65	56	0	39
65	56	0	39
65	56	0	39
65	56	0	39
65	58	51	42
63	58	51	42
63	58	51	42
63	58	51	42
63	58	51	42
63	58	51	42
63	58	51	42
63	58	51	42
63	58	47	44
0	58	47	44
0	58	47	44
0	58	47	44
0	58	47	44
0	58	47	44
0	58	47	44
0	58	47	44
0	56	44	47
75	56	44	47
75	56	44	47
75	56	44	47
75	54	44	47
75	54	44	47
75	54	44	47
75	54	44	47
75	52	0	49
75	52	0	49
75	52	0	49
75	52	0	49
75	54	0	49
75	54	0	49
75	54	0	49
75	54	0	49
75	56	0	52
73	56	0	52
73	56	0	52
73	56	0	52
73	56	0	52
71	56	0	52
71	56	0	52
71	56	0	52
71	56	0	54
70	56	0	54
70	56	0	54
70	56	0	54
70	56	0	54
71	56	0	54
71	56	0	54
71	56	0	54
71	54	0	46
73	54	0	46
73	54	0	46
73	54	0	46
73	52	0	46
73	52	0	46
73	52	0	46
73	52	0	46
73	51	0	47
73	51	0	47
73	51	0	47
73	51	0	47
73	52	0	47
73	52	0	47
73	52	0	47
73	52	0	47
73	54	0	51
71	54	0	51
71	54	0	51
71	54	0	51
71	54	0	51
70	54	0	51
70	54	0	51
70	54	0	51
70	54	0	52
68	54	0	52
68	54	0	52
68	54	0	52
68	54	0	52
70	54	0	52
70	54	0	52
70	54	0	52
70	52	0	44
71	52	0	44
71	52	0	44
71	52	0	44
71	51	0	44
71	51	0	44
71	51	0	44
71	51	0	44
71	49	0	46
71	49	0	46
71	49	0	46
71	49	0	46
71	51	0	46
71	51	0	46
71	51	0	46
71	51	0	46
71	52	0	49
70	52	0	49
70	52	0	49
70	52	0	49
70	52	0	49
68	52	0	49
68	52	0	49
68	52	0	49
68	52	0	51
67	52	0	51
67	52	0	51
67	52	0	51
67	52	0	51
68	52	0	51
68	52	0	51
68	52	0	51
68	51	0	43
70	51	0	43
70	51	0	43
70	51	0	43
70	49	0	43
70	49	0	43
70	49	0	43
70	49	0	43
70	47	0	44
70	47	0	44
70	47	0	44
70	47	0	44
70	47	0	44
70	47	0	44
70	47	0	44
70	47	0	44
70	47	51	44
68	47	51	44
68	47	51	44
68	47	51	44
68	47	51	44
67	47	51	44
67	47	51	44
67	47	51	44
67	0	47	0
68	0	47	0
68	0	47	0
68	0	47	0
68	0	47	0
70	0	47	0
70	0	47	0
70	0	47	0
70	56	44	0
71	56	44	0
71	56	44	0
71	56	44	0
71	55	44	0
75	55	44	0
75	55	44	0
75	55	44	0
75	55	52	0
73	55	52	0
73	55	52	0
73	55	52	0
73	56	52	0
73	56	52	0
73	56	52	0
73	56	52	0
73	58	51	0
71	58	51	0
71	58	51	0
71	58	51	0
71	59	51	0
71	59	51	0
71	59	51	0
71	59	51	0
71	61	56	0
70	61	56	0
70	61	56	0
70	61	56	0
70	59	56	0
70	59	56	0
70	59	56	0
70	59	56	0
70	61	55	0
70	61	55	0
70	61	55	0
70	61	55	0
70	63	55	0
70	63	55	0
70	63	55	0
70	63	55	0
70	64	49	0
68	64	49	0
68	64	49	0
68	64	49	0
68	61	49	0
68	61	49	0
68	61	49	0
68	61	49	0
68	63	48	0
68	63	48	0
68	63	48	0
68	63	48	0
68	63	48	0
68	63	48	0
68	63	48	0
68	63	48	0
68	63	57	0
66	63	57	0
66	63	57	0
66	63	57	0
66	61	57	0
66	61	57	0
66	61	57	0
66	61	57	0
66	60	56	0
66	60	56	0
66	60	56	0
66	60	56	0
66	58	56	0
66	58	56	0
66	58	56	0
66	58	56	0
66	56	51	0
65	56	51	0
65	56	51	0
65	56	51	0
65	59	51	0
65	59	51	0
65	59	51	0
65	59	51	0
65	58	50	0
65	58	50	0
65	58	50	0
65	58	50	0
65	62	50	0
65	62	50	0
65	62	50	0
65	62	50	0
65	63	59	0
0	63	59	0
0	63	59	0
0	63	59	0
0	63	59	0
65	63	59	0
65	63	59	0
65	63	59	0
65	63	58	0
66	63	58	0
66	63	58	0
66	63	58	0
66	63	58	0
68	63	58	0
68	63	58	0
68	63	58	0
68	63	57	0
66	63	57	0
66	63	57	0
66	63	57	0
66	63	57	0
65	63	57	0
65	63	57	0
65	63	57	0
65	63	58	0
65	63	58	0
65	63	58	0
65	63	58	0
65	62	58	0
65	62	58	0
65	62	58	0
65	62	58	0
65	0	54	0
63	0	54	0
63	0	54	0
63	0	54	0
63	61	54	0
63	61	54	0
63	61	54	0
63	61	54	0
63	59	51	0
63	59	51	0
63	59	51	0
63	59	51	0
63	58	51	0
63	58	51	0
63	58	51	0
63	58	51	0
63	56	53	0
63	56	53	0
63	56	53	0
63	56	53	0
63	56	53	0
65	56	53	0
65	56	53	0
65	56	53	0
65	56	53	0
66	56	53	0
66	56	53	0
66	56	53	0
66	56	53	0
68	56	53	0
68	56	53	0
68	56	53	0
68	56	53	0
70	56	53	0
70	56	53	0
70	56	53	0
70	56	53	0
71	56	53	0
71	56	53	0
71	56	53	0
71	56	53	0
63	56	53	0
63	56	53	0
63	56	53	0
63	56	53	0
62	56	53	0
62	56	53	0
62	56	53	0
62	0	51	0
66	0	51	0
66	0	51	0
66	0	51	0
66	58	51	0
66	58	51	0
66	58	51	0
66	58	51	0
66	60	51	0
66	60	51	0
66	60	51	0
66	60	51	0
66	62	51	0
66	62	51	0
66	62	51	0
66	62	51	0
66	63	51	0
66	63	51	0
66	63	51	0
66	63	51	0
66	65	51	0
66	65	51	0
66	65	51	0
66	65	51	0
66	58	51	0
66	58	51	0
66	58	51	0
66	58	51	0
66	57	51	0
66	57	51	0
66	57	51	0
66	57	51	0
66	61	0	0
65	61	0	0
65	61	0	0
65	61	0	0
65	61	53	0
65	61	53	0
65	61	53	0
65	61	53	0
65	61	55	0
65	61	55	0
65	61	55	0
65	61	55	0
65	61	57	0
65	61	57	0
65	61	57	0
65	61	57	0
65	61	58	0
65	61	58	0
65	61	58	0
65	61	58	0
65	61	60	0
65	61	60	0
65	61	60	0
65	61	60	0
65	61	53	0
67	61	53	0
67	61	53	0
67	61	53	0
67	61	52	0
67	61	52	0
67	61	52	0
67	61	52	0
67	60	53	0
69	60	53	0
69	60	53	0
69	60	53	0
69	60	51	0
69	60	51	0
69	60	51	0
69	60	51	0
69	65	49	0
69	65	49	0
69	65	49	0
69	65	49	0
69	65	48	0
69	65	48	0
69	65	48	0
69	65	48	0
69	61	46	0
0	61	46	0
0	61	46	0
0	61	46	0
0	61	48	0
0	61	48	0
0	61	48	0
0	61	48	0
0	58	49	0
70	58	49	0
70	58	49	0
70	58	49	0
70	58	53	0
70	58	53	0
70	58	53	0
70	58	53	0
70	66	51	0
70	66	51	0
70	66	51	0
70	66	51	0
70	66	48	0
69	66	48	0
69	66	48	0
69	66	48	0
69	65	49	0
70	65	49	0
70	65	49	0
70	65	49	0
70	65	53	0
73	65	53	0
73	65	53	0
73	65	53	0
73	70	54	0
72	70	54	0
72	70	54	0
72	70	54	0
72	70	51	0
72	70	51	0
72	70	51	0
72	70	51	0
72	69	53	0
72	69	53	0
72	69	53	0
72	69	53	0
72	69	57	0
72	69	57	0
72	69	57	0
72	69	57	0
72	63	58	0
0	63	58	0
0	63	58	0
0	63	58	0
0	63	56	0
0	63	56	0
0	63	56	0
0	63	56	0
0	62	54	0
70	62	54	0
70	62	54	0
70	62	54	0
70	62	53	0
70	62	53	0
70	62	53	0
70	62	53	0
70	0	51	0
66	0	51	0
66	0	51	0
66	0	51	0
66	0	53	0
66	0	53	0
66	0	53	0
66	0	53	0
66	63	54	0
0	63	54	0
0	63	54	0
0	63	54	0
0	63	58	0
0	63	58	0
0	63	58	0
0	63	58	0
0	63	56	0
71	63	56	0
71	63	56	0
71	63	56	0
71	61	53	0
71	61	53	0
71	61	53	0
71	61	53	0
71	63	54	0
70	63	54	0
70	63	54	0
70	63	54	0
70	66	58	0
70	66	58	0
70	66	58	0
70	66	58	0
70	65	59	0
75	65	59	0
75	65	59	0
75	65	59	0
75	65	56	0
75	65	56	0
75	65	56	0
75	65	56	0
75	65	58	0
74	65	58	0
74	65	58	0
74	65	58	0
74	65	62	0
74	65	62	0
74	65	62	0
74	65	62	0
74	65	63	0
68	65	63	0
68	65	63	0
68	65	63	0
68	65	61	0
68	65	61	0
68	65	61	0
68	65	61	0
68	63	59	0
67	63	59	0
67	63	59	0
67	63	59	0
67	63	58	0
67	63	58	0
67	63	58	0
67	63	58	0
67	68	56	0
71	68	56	0
71	68	56	0
71	68	56	0
71	68	54	0
71	68	54	0
71	68	54	0
71	68	54	0
71	62	56	0
71	62	56	0
71	62	56	0
71	62	56	0
71	62	53	0
71	62	53	0
71	62	53	0
71	62	53	0
71	63	54	0
71	63	54	0
71	63	54	0
71	63	54	0
71	63	54	0
70	63	54	0
70	63	54	0
70	63	54	0
70	63	54	0
72	63	54	0
72	63	54	0
72	63	54	0
72	63	54	0
74	63	54	0
74	63	54	0
74	63	54	0
74	63	54	0
75	63	54	0
75	63	54	0
75	63	54	0
75	63	54	0
71	63	54	0
71	63	54	0
71	63	54	0
71	63	54	0
70	63	54	0
70	63	54	0
70	63	54	0
70	63	54	0
69	63	54	0
69	63	54	0
69	63	54	0
69	63	54	0
70	63	54	0
70	63	54	0
70	63	54	0
70	62	54	0
70	62	54	0
70	62	54	0
70	62	54	0
70	63	53	0
70	63	53	0
70	63	53	0
70	63	53	0
70	65	53	0
70	65	53	0
70	65	53	0
70	65	53	0
70	66	51	0
69	66	51	0
69	66	51	0
69	66	51	0
69	68	51	0
69	68	51	0
69	68	51	0
69	68	51	0
69	61	54	0
69	61	54	0
69	61	54	0
69	61	54	0
69	60	54	0
69	60	54	0
69	60	54	0
69	60	54	0
69	61	52	0
69	61	52	0
69	61	52	0
69	61	52	0
69	61	52	0
68	61	52	0
68	61	52	0
68	61	52	0
68	61	52	0
70	61	52	0
70	61	52	0
70	61	52	0
70	61	52	0
72	61	52	0
72	61	52	0
72	61	52	0
72	61	52	0
73	61	52	0
73	61	52	0
73	61	52	0
73	61	52	0
75	61	52	0
75	61	52	0
75	61	52	0
75	61	52	0
68	61	52	0
68	61	52	0
68	61	52	0
68	61	52	0
67	61	52	0
67	61	52	0
67	61	52	0
67	61	52	0
68	61	52	0
68	61	52	0
68	61	52	0
68	61	52	0
58	61	52	0
58	61	52	0
58	61	52	0
58	59	51	44
0	59	51	44
0	59	51	44
0	59	51	44
0	59	51	44
61	59	51	44
61	59	51	44
61	59	51	44
61	58	0	42
63	58	0	42
63	58	0	42
63	58	0	42
63	58	0	42
65	58	0	42
65	58	0	42
65	58	0	42
65	58	51	39
66	58	51	39
66	58	51	39
66	58	51	39
66	58	51	39
70	58	51	39
70	58	51	39
70	58	51	39
70	0	51	47
68	0	51	47
68	0	51	47
68	0	51	47
68	0	50	47
65	0	50	47
65	0	50	47
65	0	50	47
65	0	51	46
66	0	51	46
66	0	51	46
66	0	51	46
66	0	54	46
70	0	54	46
70	0	54	46
70	0	54	46
70	0	53	51
71	0	53	51
71	0	53	51
71	0	53	51
71	0	53	51
68	0	53	51
68	0	53	51
68	0	53	51
68	0	53	50
70	0	53	50
70	0	53	50
70	0	53	50
70	0	53	50
74	0	53	50
74	0	53	50
74	0	53	50
74	0	46	44
75	0	46	44
75	0	46	44
75	0	46	44
75	70	46	44
75	70	46	44
75	70	46	44
75	70	46	44
75	73	46	43
75	73	46	43
75	73	46	43
75	73	46	43
75	71	46	43
75	71	46	43
75	71	46	43
75	71	46	43
75	70	0	52
73	70	0	52
73	70	0	52
73	70	0	52
73	68	0	52
73	68	0	52
73	68	0	52
73	68	0	52
73	67	0	51
73	67	0	51
73	67	0	51
73	67	0	51
73	65	0	51
73	65	0	51
73	65	0	51
73	65	0	51
73	63	0	46
72	63	0	46
72	63	0	46
72	63	0	46
72	66	0	46
72	66	0	46
72	66	0	46
72	66	0	46
72	65	0	45
72	65	0	45
72	65	0	45
72	65	0	45
72	63	0	45
72	63	0	45
72	63	0	45
72	63	0	45
72	61	0	54
70	61	0	54
70	61	0	54
70	61	0	54
70	60	0	54
70	60	0	54
70	60	0	54
70	60	0	54
70	61	0	53
70	61	0	53
70	61	0	53
70	61	0	53
70	58	0	53
70	58	0	53
70	58	0	53
70	58	0	53
70	60	0	52
70	60	0	52
70	60	0	52
70	60	0	52
70	60	0	52
69	60	0	52
69	60	0	52
69	60	0	52
69	60	0	53
70	60	0	53
70	60	0	53
70	60	0	53
70	60	0	53
69	60	0	53
69	60	0	53
69	60	0	53
69	0	0	49
70	0	0	49
70	0	0	49
70	0	0	49
70	68	0	49
70	68	0	49
70	68	0	49
70	68	0	49
70	66	0	46
70	66	0	46
70	66	0	46
70	66	0	46
70	65	0	46
70	65	0	46
70	65	0	46
70	65	0	46
70	63	0	48
70	63	0	48
70	63	0	48
70	63	0	48
70	61	0	48
0	61	0	48
0	61	0	48
0	61	0	48
0	60	0	48
63	60	0	48
63	60	0	48
63	60	0	48
63	61	0	48
65	61	0	48
65	61	0	48
65	61	0	48
65	63	0	48
66	63	0	48
66	63	0	48
66	63	0	48
66	63	0	48
68	63	0	48
68	63	0	48
68	63	0	48
68	63	0	48
58	63	0	48
58	63	0	48
58	63	0	48
58	63	0	48
57	63	0	48
57	63	0	48
57	63	0	48
57	63	0	46
58	63	0	46
58	63	0	46
58	63	0	46
58	63	0	44
58	63	0	44
58	63	0	44
58	63	0	44
58	62	0	42
70	62	0	42
70	62	0	42
70	62	0	42
70	62	0	41
70	62	0	41
70	62	0	41
70	62	0	41
70	0	0	39
66	0	0	39
66	0	0	39
66	0	0	39
66	0	0	41
66	0	0	41
66	0	0	41
66	0	0	41
66	63	0	42
0	63	0	42
0	63	0	42
0	63	0	42
0	63	0	46
0	63	0	46
0	63	0	46
0	63	0	46
0	63	0	44
71	63	0	44
71	63	0	44
71	63	0	44
71	62	0	41
71	62	0	41
71	62	0	41
71	62	0	41
71	63	0	42
70	63	0	42
70	63	0	42
70	63	0	42
70	66	0	46
70	66	0	46
70	66	0	46
70	66	0	46
70	65	0	47
75	65	0	47
75	65	0	47
75	65	0	47
75	65	0	44
75	65	0	44
75	65	0	44
75	65	0	44
75	65	0	46
74	65	0	46
74	65	0	46
74	65	0	46
74	65	0	50
74	65	0	50
74	65	0	50
74	65	0	50
74	0	0	51
68	0	0	51
68	0	0	51
68	0	0	51
68	0	0	49
68	0	0	49
68	0	0	49
68	0	0	49
68	63	0	47
67	63	0	47
67	63	0	47
67	63	0	47
67	63	0	46
67	63	0	46
67	63	0	46
67	63	0	46
67	59	0	44
0	59	0	44
0	59	0	44
0	59	0	44
0	59	0	46
0	59	0	46
0	59	0	46
0	59	0	46
0	56	0	47
68	56	0	47
68	56	0	47
68	56	0	47
68	56	0	51
68	56	0	51
68	56	0	51
68	56	0	51
68	64	0	49
68	64	0	49
68	64	0	49
68	64	0	49
68	64	0	46
67	64	0	46
67	64	0	46
67	64	0	46
67	63	0	47
68	63	0	47
68	63	0	47
68	63	0	47
68	63	0	51
71	63	0	51
71	63	0	51
71	63	0	51
71	68	0	52
70	68	0	52
70	68	0	52
70	68	0	52
70	68	0	49
70	68	0	49
70	68	0	49
70	68	0	49
70	67	0	51
70	67	0	51
70	67	0	51
70	67	0	51
70	67	0	55
70	67	0	55
70	67	0	55
70	67	0	55
70	61	0	56
68	61	0	56
68	61	0	56
68	61	0	56
68	61	0	56
66	61	0	56
66	61	0	56
66	61	0	56
66	60	0	44
65	60	0	44
65	60	0	44
65	60	0	44
65	60	0	44
63	60	0	44
63	60	0	44
63	60	0	44
63	61	0	41
0	61	0	41
0	61	0	41
0	61	0	41
0	61	0	41
63	61	0	41
63	61	0	41
63	61	0	41
63	61	0	37
65	61	0	37
65	61	0	37
65	61	0	37
65	61	0	37
68	61	0	37
68	61	0	37
68	61	0	37
68	61	0	46
66	61	0	46
66	61	0	46
66	61	0	46
66	61	0	46
63	61	0	46
63	61	0	46
63	61	0	46
63	60	0	44
65	60	0	44
65	60	0	44
65	60	0	44
65	60	0	44
68	60	0	44
68	60	0	44
68	60	0	44
68	65	0	49
70	65	0	49
70	65	0	49
70	65	0	49
70	65	0	49
66	65	0	49
66	65	0	49
66	65	0	49
66	63	0	48
68	63	0	48
68	63	0	48
68	63	0	48
68	63	0	48
72	63	0	48
72	63	0	48
72	63	0	48
72	68	0	42
73	68	0	42
73	68	0	42
73	68	0	42
73	68	0	42
71	68	0	42
71	68	0	42
71	68	0	42
71	0	49	41
70	0	49	41
70	0	49	41
70	0	49	41
70	0	49	41
68	0	49	41
68	0	49	41
68	0	49	41
68	0	46	42
66	0	46	42
66	0	46	42
66	0	46	42
66	0	46	42
65	0	46	42
65	0	46	42
65	0	46	42
65	58	42	42
63	58	42	42
63	58	42	42
63	58	42	42
63	58	42	42
61	58	42	42
61	58	42	42
61	58	42	42
61	54	51	42
59	54	51	42
59	54	51	42
59	54	51	42
59	54	51	42
56	54	51	42
56	54	51	42
56	54	51	42
56	54	49	42
58	54	49	42
58	54	49	42
58	54	49	42
58	54	49	42
61	54	49	42
61	54	49	42
61	54	49	42
61	0	54	42
63	0	54	42
63	0	54	42
63	0	54	42
63	0	54	42
59	0	54	42
59	0	54	42
59	0	54	42
59	59	53	42
61	59	53	42
61	59	53	42
61	59	53	42
61	59	53	42
65	59	53	42
65	59	53	42
65	59	53	42
65	61	47	42
66	61	47	42
66	61	47	42
66	61	47	42
66	61	47	42
68	61	47	42
68	61	47	42
68	61	47	42
68	66	46	42
0	66	46	42
0	66	46	42
0	66	46	42
0	66	46	42
68	66	46	42
68	66	46	42
68	66	46	42
68	64	55	0
70	64	55	0
70	64	55	0
70	64	55	0
70	64	55	0
71	64	55	0
71	64	55	0
71	64	55	0
71	64	54	0
73	64	54	0
73	64	54	0
73	64	54	0
73	64	54	0
70	64	54	0
70	64	54	0
70	64	54	0
70	63	49	0
66	63	49	0
66	63	49	0
66	63	49	0
66	63	49	0
69	63	49	0
69	63	49	0
69	63	49	0
69	63	48	0
68	63	48	0
68	63	48	0
68	63	48	0
68	63	48	0
66	63	48	0
66	63	48	0
66	63	48	0
66	61	57	0
64	61	57	0
64	61	57	0
64	61	57	0
64	61	57	0
63	61	57	0
63	61	57	0
63	61	57	0
63	61	56	0
64	61	56	0
64	61	56	0
64	61	56	0
64	61	56	0
66	61	56	0
66	61	56	0
66	61	56	0
66	61	55	0
64	61	55	0
64	61	55	0
64	61	55	0
64	61	55	0
63	61	55	0
63	61	55	0
63	61	55	0
63	61	56	0
63	61	56	0
63	61	56	0
63	61	56	0
63	60	56	0
63	60	56	0
63	60	56	0
63	60	56	0
63	0	53	0
61	0	53	0
61	0	53	0
61	0	53	0
61	59	53	0
61	59	53	0
61	59	53	0
61	59	53	0
61	58	49	0
61	58	49	0
61	58	49	0
61	58	49	0
61	56	49	0
61	56	49	0
61	56	49	0
61	56	49	0
61	54	51	0
61	54	51	0
61	54	51	0
61	54	51	0
61	53	51	0
61	53	51	0
61	53	51	0
61	53	51	0
61	51	51	0
66	51	51	0
66	51	51	0
66	51	51	0
66	53	51	0
68	53	51	0
68	53	51	0
68	53	51	0
68	54	51	0
70	54	51	0
70	54	51	0
70	54	51	0
70	54	51	0
71	54	51	0
71	54	51	0
71	54	51	0
71	54	51	0
61	54	51	0
61	54	51	0
61	54	51	0
61	54	51	0
60	54	51	0
60	54	51	0
60	54	51	0
60	53	51	0
68	53	51	0
68	53	51	0
68	53	51	0
68	53	51	0
70	53	51	0
70	53	51	0
70	53	51	0
70	53	49	0
59	53	49	0
59	53	49	0
59	53	49	0
59	53	49	0
58	53	49	0
58	53	49	0
58	53	49	0
58	51	49	0
66	51	49	0
66	51	49	0
66	51	49	0
66	51	49	0
68	51	49	0
68	51	49	0
68	51	49	0
68	51	47	0
58	51	47	0
58	51	47	0
58	51	47	0
58	51	47	0
56	51	47	0
56	51	47	0
56	51	47	0
56	49	47	0
65	49	47	0
65	49	47	0
65	49	47	0
65	49	47	0
63	49	47	0
63	49	47	0
63	49	47	0
63	49	46	42
65	49	46	42
65	49	46	42
65	49	46	42
65	49	46	42
66	49	46	42
66	49	46	42
66	49	46	42
66	49	44	41
68	49	44	41
68	49	44	41
68	49	44	41
68	49	44	41
70	49	44	41
70	49	44	41
70	49	44	41
70	49	41	37
71	49	41	37
71	49	41	37
71	49	41	37
71	49	41	37
68	49	41	37
68	49	41	37
68	49	41	37
68	0	0	46
73	0	0	46
73	0	0	46
73	0	0	46
73	71	0	46
73	71	0	46
73	71	0	46
73	71	0	46
73	70	0	42
73	70	0	42
73	70	0	42
73	70	0	42
73	68	0	42
73	68	0	42
73	68	0	42
73	68	0	42
73	66	0	47
73	66	0	47
73	66	0	47
73	66	0	47
73	64	0	47
73	64	0	47
73	64	0	47
73	64	0	47
73	63	0	46
73	63	0	46
73	63	0	46
73	63	0	46
73	64	0	46
73	64	0	46
73	64	0	46
73	64	0	46
73	66	0	40
71	66	0	40
71	66	0	40
71	66	0	40
71	68	0	40
71	68	0	40
71	68	0	40
71	68	0	40
71	66	0	39
71	66	0	39
71	66	0	39
71	66	0	39
71	64	0	39
71	64	0	39
71	64	0	39
71	64	0	39
71	63	0	49
69	63	0	49
69	63	0	49
69	63	0	49
69	65	0	49
69	65	0	49
69	65	0	49
69	65	0	49
69	66	0	48
69	66	0	48
69	66	0	48
69	66	0	48
69	63	0	48
69	63	0	48
69	63	0	48
69	63	0	48
69	59	0	42
68	59	0	42
68	59	0	42
68	59	0	42
68	62	0	42
68	62	0	42
68	62	0	42
68	62	0	42
68	61	0	41
68	61	0	41
68	61	0	41
68	61	0	41
68	59	0	41
68	59	0	41
68	59	0	41
68	59	0	41
68	57	0	50
66	57	0	50
66	57	0	50
66	57	0	50
66	56	0	50
66	56	0	50
66	56	0	50
66	56	0	50
66	57	0	49
66	57	0	49
66	57	0	49
66	57	0	49
66	54	0	49
66	54	0	49
66	54	0	49
66	54	0	49
66	56	0	48
66	56	0	48
66	56	0	48
66	56	0	48
66	56	0	48
65	56	0	48
65	56	0	48
65	56	0	48
65	56	0	49
66	56	0	49
66	56	0	49
66	56	0	49
66	56	0	49
65	56	0	49
65	56	0	49
65	56	0	49
65	0	0	46
66	0	0	46
66	0	0	46
66	0	0	46
66	64	0	46
66	64	0	46
66	64	0	46
66	64	0	46
66	63	0	42
66	63	0	42
66	63	0	42
66	63	0	42
66	61	0	42
66	61	0	42
66	61	0	42
66	61	0	42
66	59	0	44
66	59	0	44
66	59	0	44
66	59	0	44
66	58	0	44
68	58	0	44
68	58	0	44
68	58	0	44
68	56	0	44
70	56	0	44
70	56	0	44
70	56	0	44
70	54	0	44
71	54	0	44
71	54	0	44
71	54	0	44
71	53	0	44
73	53	0	44
73	53	0	44
73	53	0	44
73	51	0	44
75	51	0	44
75	51	0	44
75	51	0	44
75	49	0	44
66	49	0	44
66	49	0	44
66	49	0	44
66	47	0	44
65	47	0	44
65	47	0	44
65	47	0	44
65	46	0	42
66	46	0	42
66	46	0	42
66	46	0	42
66	49	0	42
66	49	0	42
66	49	0	42
66	49	0	42
66	51	0	42
66	51	0	42
66	51	0	42
66	51	0	42
66	53	0	42
66	53	0	42
66	53	0	42
66	53	0	42
66	54	0	0
66	54	0	0
66	54	0	0
66	54	0	0
66	56	0	0
66	56	0	0
66	56	0	0
66	56	0	0
66	49	0	39
66	49	0	39
66	49	0	39
66	49	0	39
66	48	0	39
66	48	0	39
66	48	0	39
66	48	0	39
66	49	0	37
66	49	0	37
66	49	0	37
66	49	0	37
66	49	56	37
66	49	56	37
66	49	56	37
66	49	56	37
66	49	58	37
66	49	58	37
66	49	58	37
66	49	58	37
66	49	59	37
66	49	59	37
66	49	59	37
66	49	59	37
66	49	61	0
65	49	61	0
65	49	61	0
65	49	61	0
65	49	63	0
65	49	63	0
65	49	63	0
65	49	63	0
65	49	56	46
70	49	56	46
70	49	56	46
70	49	56	46
70	49	55	46
70	49	55	46
70	49	55	46
70	49	55	46
70	59	51	44
70	59	51	44
70	59	51	44
70	59	51	44
70	59	51	44
63	59	51	44
63	59	51	44
63	59	51	44
63	59	50	44
65	59	50	44
65	59	50	44
65	59	50	44
65	59	51	44
66	59	51	44
66	59	51	44
66	59	51	44
66	59	53	0
68	59	53	0
68	59	53	0
68	59	53	0
68	59	53	0
70	59	53	0
70	59	53	0
70	59	53	0
70	59	44	41
63	59	44	41
63	59	44	41
63	59	44	41
63	59	44	41
62	59	44	41
62	59	44	41
62	59	44	41
62	59	51	39
66	59	51	39
66	59	51	39
66	59	51	39
66	59	51	34
66	59	51	34
66	59	51	34
66	59	51	34
66	58	0	36
66	58	0	36
66	58	0	36
66	58	0	36
66	58	0	37
66	58	0	37
66	58	0	37
66	58	0	37
66	57	0	39
65	57	0	39
65	57	0	39
65	57	0	39
65	57	0	41
65	57	0	41
65	57	0	41
65	57	0	41
65	60	0	34
63	60	0	34
63	60	0	34
63	60	0	34
63	60	0	33
63	60	0	33
63	60	0	33
63	60	0	33
63	60	0	37
65	60	0	37
65	60	0	37
65	60	0	37
65	57	41	37
65	57	41	37
65	57	41	37
65	57	41	37
65	58	43	37
65	58	43	37
65	58	43	37
65	58	43	37
65	60	45	37
65	60	45	37
65	60	45	37
65	60	45	37
65	61	46	37
65	61	46	37
65	61	46	37
65	61	46	37
65	63	48	37
65	63	48	37
65	63	48	37
65	63	48	37
65	54	49	37
65	54	49	37
65	54	49	37
65	54	49	37
65	53	45	37
65	53	45	37
65	53	45	37
65	53	45	37
65	55	46	37
0	55	46	37
0	55	46	37
0	55	46	37
0	55	46	37
58	55	46	37
58	55	46	37
58	55	46	37
58	55	46	37
60	55	46	37
60	55	46	37
60	55	46	37
60	55	46	37
61	55	46	37
61	55	46	37
61	55	46	37
61	57	48	36
63	57	48	36
63	57	48	36
63	57	48	36
63	57	48	36
65	57	48	36
65	57	48	36
65	57	48	36
65	60	48	36
58	60	48	36
58	60	48	36
58	60	48	36
58	60	48	36
57	60	48	36
57	60	48	36
57	60	48	36
57	60	0	34
61	60	0	34
61	60	0	34
61	60	0	34
61	60	0	34
61	60	0	34
61	60	0	34
61	60	0	34
61	58	53	0
61	58	53	0
61	58	53	0
61	58	53	0
61	57	53	0
61	57	53	0
61	57	53	0
61	57	53	0
61	58	49	0
0	58	49	0
0	58	49	0
0	58	49	0
0	60	49	0
0	60	49	0
0	60	49	0
0	60	49	0
0	61	46	0
0	61	46	0
0	61	46	0
0	61	46	0
0	65	46	0
0	65	46	0
0	65	46	0
0	65	46	0
0	63	54	0
0	63	54	0
0	63	54	0
0	63	54	0
0	60	54	0
0	60	54	0
0	60	54	0
0	60	54	0
0	61	53	0
0	61	53	0
0	61	53	0
0	61	53	0
0	65	53	0
0	65	53	0
0	65	53	0
0	65	53	0
0	63	58	0
72	63	58	0
72	63	58	0
72	63	58	0
72	66	58	0
72	66	58	0
72	66	58	0
72	66	58	0
72	65	57	0
72	65	57	0
72	65	57	0
72	65	57	0
72	63	57	0
72	63	57	0
72	63	57	0
72	63	57	0
72	65	51	0
70	65	51	0
70	65	51	0
70	65	51	0
70	66	51	0
70	66	51	0
70	66	51	0
70	66	51	0
70	68	50	0
70	68	50	0
70	68	50	0
70	68	50	0
70	66	50	0
70	66	50	0
70	66	50	0
70	66	50	0
70	65	59	0
68	65	59	0
68	65	59	0
68	65	59	0
68	63	59	0
68	63	59	0
68	63	59	0
68	63	59	0
68	62	58	0
68	62	58	0
68	62	58	0
68	62	58	0
68	60	58	0
68	60	58	0
68	60	58	0
68	60	58	0
68	58	53	0
67	58	53	0
67	58	53	0
67	58	53	0
67	61	53	0
67	61	53	0
67	61	53	0
67	61	53	0
67	60	52	0
67	60	52	0
67	60	52	0
67	60	52	0
67	64	52	0
67	64	52	0
67	64	52	0
67	64	52	0
67	0	61	0
65	0	61	0
65	0	61	0
65	0	61	0
65	67	61	0
65	67	61	0
65	67	61	0
65	67	61	0
65	68	60	0
65	68	60	0
65	68	60	0
65	68	60	0
65	70	60	0
65	70	60	0
65	70	60	0
65	70	60	0
65	68	59	0
65	68	59	0
65	68	59	0
65	68	59	0
65	67	59	0
65	67	59	0
65	67	59	0
65	67	59	0
65	0	60	0
64	0	60	0
64	0	60	0
64	0	60	0
64	61	60	0
64	61	60	0
64	61	60	0
64	61	60	0
64	60	56	0
65	60	56	0
65	60	56	0
65	60	56	0
65	63	56	0
65	63	56	0
65	63	56	0
65	63	56	0
65	61	53	0
65	61	53	0
65	61	53	0
65	61	53	0
65	60	53	0
65	60	53	0
65	60	53	0
65	60	53	0
65	58	55	0
65	58	55	0
65	58	55	0
65	58	55	0
65	58	55	0
67	58	55	0
67	58	55	0
67	58	55	0
67	58	55	0
68	58	55	0
68	58	55	0
68	58	55	0
68	58	55	0
70	58	55	0
70	58	55	0
70	58	55	0
70	58	55	0
72	58	55	0
72	58	55	0
72	58	55	0
72	58	55	0
73	58	55	0
73	58	55	0
73	58	55	0
73	58	55	0
65	58	55	0
65	58	55	0
65	58	55	0
65	58	55	0
64	58	55	0
64	58	55	0
64	58	55	0
64	60	55	0
68	60	55	0
68	60	55	0
68	60	55	0
68	60	48	0
68	60	48	0
68	60	48	0
68	60	48	0
68	60	50	0
68	60	50	0
68	60	50	0
68	60	50	0
68	60	52	0
68	60	52	0
68	60	52	0
68	60	52	0
68	60	53	0
68	60	53	0
68	60	53	0
68	60	53	0
68	60	55	0
68	60	55	0
68	60	55	0
68	60	55	0
68	60	46	0
68	60	46	0
68	60	46	0
68	60	46	0
68	60	44	0
68	60	44	0
68	60	44	0
68	60	44	0
68	60	46	0
68	60	46	0
68	60	46	0
68	60	46	0
0	53	46	0
68	53	46	0
68	53	46	0
68	53	46	0
68	55	46	0
70	55	46	0
70	55	46	0
70	55	46	0
70	56	46	0
72	56	46	0
72	56	46	0
72	56	46	0
72	58	0	0
73	58	0	0
73	58	0	0
73	58	0	0
73	60	0	0
75	60	0	0
75	60	0	0
75	60	0	0
75	61	0	0
67	61	0	0
67	61	0	0
67	61	0	0
67	63	0	0
65	63	0	0
65	63	0	0
65	63	0	0
65	61	0	0
67	61	0	0
67	61	0	0
67	61	0	0
67	58	0	0
67	58	0	0
67	58	0	0
67	58	0	0
67	60	0	39
67	60	0	39
67	60	0	39
67	60	0	39
67	61	0	39
67	61	0	39
67	61	0	39
67	61	0	39
67	63	0	36
0	63	0	36
0	63	0	36
0	63	0	36
0	65	0	36
0	65	0	36
0	65	0	36
0	65	0	36
0	67	0	32
0	67	0	32
0	67	0	32
0	67	0	32
0	68	0	32
0	68	0	32
0	68	0	32
0	68	0	32
0	70	0	41
0	70	0	41
0	70	0	41
0	70	0	41
0	67	0	41
0	67	0	41
0	67	0	41
0	67	0	41
0	68	0	39
0	68	0	39
0	68	0	39
0	68	0	39
0	72	0	39
0	72	0	39
0	72	0	39
0	72	0	39
0	0	0	44
70	0	0	44
70	0	0	44
70	0	0	44
70	65	0	44
70	65	0	44
70	65	0	44
70	65	0	44
70	63	0	43
70	63	0	43
70	63	0	43
70	63	0	43
70	61	0	43
70	61	0	43
70	61	0	43
70	61	0	43
70	63	0	37
68	63	0	37
68	63	0	37
68	63	0	37
68	65	0	37
68	65	0	37
68	65	0	37
68	65	0	37
68	66	0	36
68	66	0	36
68	66	0	36
68	66	0	36
68	65	0	36
68	65	0	36
68	65	0	36
68	65	0	36
68	63	0	45
66	63	0	45
66	63	0	45
66	63	0	45
66	61	0	45
66	61	0	45
66	61	0	45
66	61	0	45
66	60	0	44
66	60	0	44
66	60	0	44
66	60	0	44
66	58	0	44
66	58	0	44
66	58	0	44
66	58	0	44
66	56	0	39
65	56	0	39
65	56	0	39
65	56	0	39
65	59	0	39
65	59	0	39
65	59	0	39
65	59	0	39
65	58	0	38
65	58	0	38
65	58	0	38
65	58	0	38
65	56	0	38
65	56	0	38
65	56	0	38
65	56	0	38
65	54	0	47
63	54	0	47
63	54	0	47
63	54	0	47
63	53	0	47
63	53	0	47
63	53	0	47
63	53	0	47
63	54	0	46
63	54	0	46
63	54	0	46
63	54	0	46
63	51	0	46
63	51	0	46
63	51	0	46
63	51	0	46
63	53	0	45
63	53	0	45
63	53	0	45
63	53	0	45
63	53	0	45
62	53	0	45
62	53	0	45
62	53	0	45
62	53	0	46
63	53	0	46
63	53	0	46
63	53	0	46
63	53	0	46
62	53	0	46
62	53	0	46
62	53	0	46
62	0	0	42
63	0	0	42
63	0	0	42
63	0	0	42
63	61	0	42
63	61	0	42
63	61	0	42
63	61	0	42
63	59	0	39
63	59	0	39
63	59	0	39
63	59	0	39
63	58	0	39
63	58	0	39
63	58	0	39
63	58	0	39
63	56	0	41
63	56	0	41
63	56	0	41
63	56	0	41
63	56	0	41
65	56	0	41
65	56	0	41
65	56	0	41
65	56	0	41
66	56	0	41
66	56	0	41
66	56	0	41
66	56	0	41
68	56	0	41
68	56	0	41
68	56	0	41
68	0	0	41
70	0	0	41
70	0	0	41
70	0	0	41
70	0	0	41
71	0	0	41
71	0	0	41
71	0	0	41
71	65	0	41
63	65	0	41
63	65	0	41
63	65	0	41
63	65	0	41
62	65	0	41
62	65	0	41
62	65	0	41
62	65	0	39
66	65	0	39
66	65	0	39
66	65	0	39
66	65	0	39
66	65	0	39
66	65	0	39
66	65	0	39
66	63	58	0
66	63	58	0
66	63	58	0
66	63	58	0
66	62	58	0
66	62	58	0
66	62	58	0
66	62	58	0
66	63	54	0
66	63	54	0
66	63	54	0
66	63	54	0
66	63	54	0
65	63	54	0
65	63	54	0
65	63	54	0
65	63	51	0
66	63	51	0
66	63	51	0
66	63	51	0
66	63	51	0
65	63	51	0
65	63	51	0
65	63	51	0
65	65	59	0
68	65	59	0
68	65	59	0
68	65	59	0
68	65	59	0
66	65	59	0
66	65	59	0
66	65	59	0
66	66	58	0
70	66	58	0
70	66	58	0
70	66	58	0
70	66	58	0
68	66	58	0
68	66	58	0
68	66	58	0
68	0	63	0
71	0	63	0
71	0	63	0
71	0	63	0
71	68	63	0
71	68	63	0
71	68	63	0
71	68	63	0
71	66	62	0
71	66	62	0
71	66	62	0
71	66	62	0
71	65	62	0
71	65	62	0
71	65	62	0
71	65	62	0
71	63	56	0
71	63	56	0
71	63	56	0
71	63	56	0
71	62	56	0
71	62	56	0
71	62	56	0
71	62	56	0
71	63	55	0
71	63	55	0
71	63	55	0
71	63	55	0
71	63	55	0
70	63	55	0
70	63	55	0
70	63	55	0
70	0	64	0
73	0	64	0
73	0	64	0
73	0	64	0
73	70	64	0
73	70	64	0
73	70	64	0
73	70	64	0
73	68	63	0
73	68	63	0
73	68	63	0
73	68	63	0
73	67	63	0
73	67	63	0
73	67	63	0
73	67	63	0
73	65	58	0
73	65	58	0
73	65	58	0
73	65	58	0
73	64	58	0
73	64	58	0
73	64	58	0
73	64	58	0
73	65	57	0
73	65	57	0
73	65	57	0
73	65	57	0
73	65	57	0
72	65	57	0
72	65	57	0
72	65	57	0
72	0	66	0
75	0	66	0
75	0	66	0
75	0	66	0
75	72	66	0
75	72	66	0
75	72	66	0
75	72	66	0
75	72	65	0
73	72	65	0
73	72	65	0
73	72	65	0
73	70	65	0
73	70	65	0
73	70	65	0
73	70	65	0
73	70	64	0
72	70	64	0
72	70	64	0
72	70	64	0
72	70	64	0
72	70	64	0
72	70	64	0
72	70	64	0
72	69	65	0
72	69	65	0
72	69	65	0
72	69	65	0
72	72	65	0
72	72	65	0
72	72	65	0
72	72	65	0
72	65	61	0
72	65	61	0
72	65	61	0
72	65	61	0
72	65	61	0
69	65	61	0
69	65	61	0
69	65	61	0
69	65	58	0
70	65	58	0
70	65	58	0
70	65	58	0
70	66	58	0
70	66	58	0
70	66	58	0
70	66	58	0
70	63	60	0
70	63	60	0
70	63	60	0
70	63	60	0
70	63	60	0
70	63	60	0
70	63	60	0
70	63	60	0
70	63	60	0
72	63	60	0
72	63	60	0
72	63	60	0
72	63	60	0
73	63	60	0
73	63	60	0
73	63	60	0
73	63	60	0
75	63	60	0
75	63	60	0
75	63	60	0
75	63	60	0
72	63	60	0
72	63	60	0
72	63	60	0
72	63	60	0
70	63	60	0
70	63	60	0
70	63	60	0
70	63	60	0
69	63	60	0
69	63	60	0
69	63	60	0
69	65	60	0
73	65	60	0
73	65	60	0
73	65	60	0
73	65	53	0
73	65	53	0
73	65	53	0
73	65	53	0
73	65	55	0
73	65	55	0
73	65	55	0
73	65	55	0
73	65	57	0
73	65	57	0
73	65	57	0
73	65	57	0
73	65	58	0
73	65	58	0
73	65	58	0
73	65	58	0
73	65	60	0
73	65	60	0
73	65	60	0
73	65	60	0
73	65	51	0
73	65	51	0
73	65	51	0
73	65	51	0
73	65	49	0
73	65	49	0
73	65	49	0
73	65	49	0
73	65	51	0
73	65	51	0
73	65	51	0
73	65	51	0
73	58	51	0
73	58	51	0
73	58	51	0
73	58	51	0
73	59	51	0
73	59	51	0
73	59	51	0
73	59	51	0
73	61	51	0
73	61	51	0
73	61	51	0
73	61	51	0
73	63	51	0
73	63	51	0
73	63	51	0
73	63	51	0
73	64	51	0
73	64	51	0
73	64	51	0
73	64	51	0
73	56	51	0
73	56	51	0
73	56	51	0
73	56	51	0
73	55	51	0
73	55	51	0
73	55	51	0
73	55	51	0
73	56	51	0
73	56	51	0
73	56	51	0
73	56	51	0
73	56	51	0
70	56	51	0
70	56	51	0
70	56	51	0
70	56	51	0
71	56	51	0
71	56	51	0
71	56	51	0
71	56	51	0
73	56	51	0
73	56	51	0
73	56	51	0
73	56	51	0
75	56	51	0
75	56	51	0
75	56	51	0
75	56	51	0
76	56	51	0
76	56	51	0
76	56	51	0
76	56	51	0
70	56	51	0
70	56	51	0
70	56	51	0
70	56	51	0
68	56	51	0
68	56	51	0
68	56	51	0
68	56	50	0
70	56	50	0
70	56	50	0
70	56	50	0
70	0	50	0
70	56	50	0
70	56	50	0
70	56	50	0
70	56	46	0
70	54	46	0
70	54	46	0
70	54	46	0
70	54	46	0
70	53	46	0
70	53	46	0
70	53	46	0
70	53	51	0
70	54	51	0
70	54	51	0
70	54	51	0
0	54	51	0
70	54	51	0
70	54	51	0
70	54	51	0
70	54	54	0
66	0	54	0
66	0	54	0
66	0	54	0
66	0	54	0
63	0	54	0
63	0	54	0
63	0	54	0
63	0	56	0
71	0	56	0
71	0	56	0
71	0	56	0
71	0	56	0
73	0	56	0
73	0	56	0
73	0	56	0
73	0	59	0
75	68	59	0
75	68	59	0
75	68	59	0
75	68	59	0
75	66	59	0
75	66	59	0
75	66	59	0
75	66	61	0
75	65	61	0
75	65	61	0
75	65	61	0
75	65	61	0
75	66	61	0
75	66	61	0
75	66	61	0
75	66	53	0
73	68	53	0
73	68	53	0
73	68	53	0
73	68	53	0
71	68	53	0
71	68	53	0
71	68	53	0
71	68	54	0
70	68	54	0
70	68	54	0
70	68	54	0
70	68	54	0
71	68	54	0
71	68	54	0
71	68	54	0
71	68	58	0
73	66	58	0
73	66	58	0
73	66	58	0
73	66	58	0
73	65	58	0
73	65	58	0
73	65	58	0
73	65	59	0
73	63	59	0
73	63	59	0
73	63	59	0
73	63	59	0
73	65	59	0
73	65	59	0
73	65	59	0
73	65	51	0
71	66	51	0
71	66	51	0
71	66	51	0
71	66	51	0
70	66	51	0
70	66	51	0
70	66	51	0
70	66	53	0
68	66	53	0
68	66	53	0
68	66	53	0
68	66	53	0
70	66	53	0
70	66	53	0
70	66	53	0
70	66	56	0
71	65	56	0
71	65	56	0
71	65	56	0
71	65	56	0
71	63	56	0
71	63	56	0
71	63	56	0
71	63	58	0
71	62	58	0
71	62	58	0
71	62	58	0
71	62	58	0
71	63	58	0
71	63	58	0
71	63	58	0
71	63	50	0
70	65	50	0
70	65	50	0
70	65	50	0
70	65	50	0
68	65	50	0
68	65	50	0
68	65	50	0
68	65	51	0
66	65	51	0
66	65	51	0
66	65	51	0
66	65	46	0
66	65	46	0
66	65	46	0
66	65	46	0
66	65	47	0
66	65	47	0
66	65	47	0
66	65	47	0
66	65	49	0
66	65	49	0
66	65	49	0
66	65	49	0
66	65	51	0
66	63	51	0
66	63	51	0
66	63	51	0
66	63	52	0
68	63	52	0
68	63	52	0
68	63	52	0
68	63	44	0
70	61	44	0
70	61	44	0
70	61	44	0
70	61	43	0
70	61	43	0
70	61	43	0
70	61	43	0
70	61	44	0
70	59	44	0
70	59	44	0
70	59	44	0
70	59	44	0
70	61	44	0
70	61	44	0
70	61	44	0
70	61	47	0
68	63	47	0
68	63	47	0
68	63	47	0
68	63	47	0
66	63	47	0
66	63	47	0
66	63	47	0
66	63	49	0
65	63	49	0
65	63	49	0
65	63	49	0
65	63	49	0
66	63	49	0
66	63	49	0
66	63	49	0
66	63	53	0
68	61	53	0
68	61	53	0
68	61	53	0
68	61	53	0
68	59	53	0
68	59	53	0
68	59	53	0
68	59	54	0
68	58	54	0
68	58	54	0
68	58	54	0
68	58	54	0
68	59	54	0
68	59	54	0
68	59	54	0
68	59	46	0
66	61	46	0
66	61	46	0
66	61	46	0
66	61	46	0
65	61	46	0
65	61	46	0
65	61	46	0
65	61	47	0
63	61	47	0
63	61	47	0
63	61	47	0
63	61	47	0
65	61	47	0
65	61	47	0
65	61	47	0
65	61	51	0
66	59	51	0
66	59	51	0
66	59	51	0
66	59	51	0
66	58	51	0
66	58	51	0
66	58	51	0
66	58	53	0
66	56	53	0
66	56	53	0
66	56	53	0
66	56	53	0
66	58	53	0
66	58	53	0
66	58	53	0
66	58	44	0
65	59	44	0
65	59	44	0
65	59	44	0
65	59	44	0
63	59	44	0
63	59	44	0
63	59	44	0
63	59	46	0
62	59	46	0
62	59	46	0
62	59	46	0
62	59	46	0
63	59	46	0
63	59	46	0
63	59	46	0
63	59	50	0
65	58	50	0
65	58	50	0
65	58	50	0
65	58	50	0
65	56	50	0
65	56	50	0
65	56	50	0
65	56	51	0
65	54	51	0
65	54	51	0
65	54	51	0
65	54	51	0
58	54	51	0
58	54	51	0
58	54	51	0
58	54	46	0
60	54	46	0
60	54	46	0
60	54	46	0
60	54	46	0
62	54	46	0
62	54	46	0
62	54	46	0
62	54	42	0
0	63	42	0
0	63	42	0
0	63	42	0
0	63	42	0
65	63	42	0
65	63	42	0
65	63	42	0
65	63	39	0
66	63	39	0
66	63	39	0
66	63	39	0
66	63	39	0
70	63	39	0
70	63	39	0
70	63	39	0
70	63	47	0
68	63	47	0
68	63	47	0
68	63	47	0
68	63	47	0
65	63	47	0
65	63	47	0
65	63	47	0
65	63	46	0
66	62	46	0
66	62	46	0
66	62	46	0
66	62	46	0
70	62	46	0
70	62	46	0
70	62	46	0
70	62	51	0
71	66	51	0
71	66	51	0
71	66	51	0
71	66	51	0
68	66	51	0
68	66	51	0
68	66	51	0
68	66	50	0
70	65	50	0
70	65	50	0
70	65	50	0
70	65	50	0
74	65	50	0
74	65	50	0
74	65	50	0
74	65	44	0
75	70	44	0
75	70	44	0
75	70	44	0
75	70	44	0
73	70	44	0
73	70	44	0
73	70	44	0
73	70	43	39
71	0	43	39
71	0	43	39
71	0	43	39
71	0	43	39
70	0	43	39
70	0	43	39
70	0	43	39
70	0	44	35
68	0	44	35
68	0	44	35
68	0	44	35
68	0	44	35
66	0	44	35
66	0	44	35
66	0	44	35
66	0	44	32
64	0	44	32
64	0	44	32
64	0	44	32
64	0	44	32
63	0	44	32
63	0	44	32
63	0	44	32
63	0	44	40
61	0	44	40
61	0	44	40
61	0	44	40
61	0	44	40
58	0	44	40
58	0	44	40
58	0	44	40
58	0	44	39
59	0	44	39
59	0	44	39
59	0	44	39
59	0	44	39
63	0	44	39
63	0	44	39
63	0	44	39
63	0	46	44
64	0	46	44
64	0	46	44
64	0	46	44
64	0	46	44
61	0	46	44
61	0	46	44
61	0	46	44
61	0	46	43
0	63	46	43
0	63	46	43
0	63	46	43
0	63	46	43
67	63	46	43
67	63	46	43
67	63	46	43
67	63	44	37
68	63	44	37
68	63	44	37
68	63	44	37
68	63	44	37
68	65	44	37
68	65	44	37
68	65	44	37
68	65	44	36
68	63	44	36
68	63	44	36
68	63	44	36
68	63	44	36
68	61	44	36
68	61	44	36
68	61	44	36
68	61	0	45
66	60	0	45
66	60	0	45
66	60	0	45
66	60	51	45
66	60	51	45
66	60	51	45
66	60	51	45
66	60	53	44
66	60	53	44
66	60	53	44
66	60	53	44
66	60	54	44
66	60	54	44
66	60	54	44
66	60	54	44
66	60	56	39
65	0	56	39
65	0	56	39
65	0	56	39
65	0	56	39
65	59	56	39
65	59	56	39
65	59	56	39
65	59	56	38
65	59	56	38
65	59	56	38
65	59	56	38
65	59	56	38
65	58	56	38
65	58	56	38
65	58	56	38
65	58	54	47
63	58	54	47
63	58	54	47
63	58	54	47
63	58	53	47
63	56	53	47
63	56	53	47
63	56	53	47
63	56	51	46
63	54	51	46
63	54	51	46
63	54	51	46
63	54	49	46
63	56	49	46
63	56	49	46
63	56	49	46
63	56	48	44
63	53	48	44
63	53	48	44
63	53	48	44
63	53	48	44
62	53	48	44
62	53	48	44
62	53	48	44
62	53	46	0
63	53	46	0
63	53	46	0
63	53	46	0
63	53	46	0
62	53	46	0
62	53	46	0
62	53	46	0
62	53	46	42
63	0	46	42
63	0	46	42
63	0	46	42
63	0	49	42
63	58	49	42
63	58	49	42
63	58	49	42
63	58	47	39
63	56	47	39
63	56	47	39
63	56	47	39
63	56	46	39
63	54	46	39
63	54	46	39
63	54	46	39
63	54	44	41
63	53	44	41
63	53	44	41
63	53	44	41
63	53	44	41
65	53	44	41
65	53	44	41
65	53	44	41
65	53	44	41
66	53	44	41
66	53	44	41
66	53	44	41
66	53	44	41
68	53	44	41
68	53	44	41
68	53	44	41
68	53	44	41
70	53	44	41
70	53	44	41
70	53	44	41
70	53	44	41
71	53	44	41
71	53	44	41
71	53	44	41
71	53	44	41
63	53	44	41
63	53	44	41
63	53	44	41
63	53	44	41
62	53	44	41
62	53	44	41
62	53	44	41
62	53	46	42
63	51	46	42
63	51	46	42
63	51	46	42
63	51	46	42
66	51	46	42
66	51	46	42
66	51	46	42
66	51	46	42
68	51	46	42
68	51	46	42
68	51	46	42
68	51	46	42
70	51	46	42
70	51	46	42
70	51	46	42
70	51	0	0
71	0	0	0
71	0	0	0
71	0	0	0
71	0	0	0
73	0	0	0
73	0	0	0
73	0	0	0
73	0	49	43
64	58	49	43
64	58	49	43
64	58	49	43
64	58	49	43
63	58	49	43
63	58	49	43
63	58	49	43
63	58	47	44
64	56	47	44
64	56	47	44
64	56	47	44
64	56	47	44
68	56	47	44
68	56	47	44
68	56	47	44
68	56	47	44
70	56	47	44
70	56	47	44
70	56	47	44
70	56	47	44
71	56	47	44
71	56	47	44
71	56	47	44
71	56	0	0
74	0	0	0
74	0	0	0
74	0	0	0
74	0	0	0
75	0	0	0
75	0	0	0
75	0	0	0
75	0	51	45
66	0	51	45
66	0	51	45
66	0	51	45
66	0	51	45
65	0	51	45
65	0	51	45
65	0	51	45
65	0	50	46
66	0	50	46
66	0	50	46
66	0	50	46
66	0	46	46
66	0	46	46
66	0	46	46
66	0	46	46
66	0	48	46
66	58	48	46
66	58	48	46
66	58	48	46
66	58	50	46
66	58	50	46
66	58	50	46
66	58	50	46
66	58	51	46
66	54	51	46
66	54	51	46
66	54	51	46
66	54	53	46
66	54	53	46
66	54	53	46
66	54	53	46
66	54	54	46
66	51	54	46
66	51	54	46
66	51	54	46
66	51	51	46
66	51	51	46
66	51	51	46
66	51	51	46
66	51	51	46
65	59	51	46
65	59	51	46
65	59	51	46
65	59	51	46
65	59	51	46
65	59	51	46
65	59	51	46
65	59	50	46
65	58	50	46
65	58	50	46
65	58	50	46
65	58	51	46
65	58	51	46
65	58	51	46
65	58	51	46
65	58	53	46
65	63	53	46
65	63	53	46
65	63	53	46
65	63	54	46
65	63	54	46
65	63	54	46
65	63	54	46
65	63	56	46
65	62	56	46
65	62	56	46
65	62	56	46
65	62	53	46
65	62	53	46
65	62	53	46
65	62	53	46
65	62	58	46
65	56	58	46
65	56	58	46
65	56	58	46
65	56	58	38
65	56	58	38
65	56	58	38
65	56	58	38
65	56	58	39
65	55	58	39
65	55	58	39
65	55	58	39
65	55	58	41
65	55	58	41
65	55	58	41
65	55	58	41
65	55	0	43
64	0	0	43
64	0	0	43
64	0	0	43
64	0	0	44
62	0	0	44
62	0	0	44
62	0	0	44
62	0	54	34
63	60	54	34
63	60	54	34
63	60	54	34
63	60	54	33
63	60	54	33
63	60	54	33
63	60	54	33
63	60	53	33
63	58	53	33
63	58	53	33
63	58	53	33
63	58	53	33
63	58	53	33
63	58	53	33
63	58	53	33
63	58	53	33
63	57	53	33
63	57	53	33
63	57	53	33
63	57	53	33
63	57	53	33
63	57	53	33
63	57	53	33
63	57	53	33
62	58	53	33
62	58	53	33
62	58	53	33
62	58	53	33
62	58	53	33
62	58	53	33
62	58	53	33
62	58	53	33
62	58	53	33
62	58	53	33
62	58	53	33
62	58	53	33
62	56	53	33
62	56	53	33
62	56	53	33
62	56	51	33
63	55	51	33
63	55	51	33
63	55	51	33
63	55	51	33
63	55	51	33
63	55	51	33
63	55	51	33
63	55	51	33
63	55	51	33
63	55	51	33
63	55	51	33
63	55	51	33
63	55	51	33
63	55	51	33
63	55	51	33
63	55	51	33
63	55	51	33
63	55	51	33
63	55	51	33
63	55	51	33
63	55	51	33
63	55	51	33
63	55	51	33
63	55	51	33
63	55	51	33
63	55	51	33
63	55	51	33
63	55	51	33
63	55	51	33
63	55	51	33
63	55	51	33
63	55	51	33
63	55	51	33
63	55	51	33
63	55	51	33
63	55	51	33
63	55	51	33
63	55	51	33
63	55	51	33
63	55	51	33
63	55	51	33
63	55	51	33
63	55	51	33
63	55	51	33
63	55	51	33
63	55	51	33
63	55	51	33
63	55	51	33
63	55	51	33
63	55	51	33
63	55	51	33
63	55	51	33
63	55	51	33
63	55	51	33
63	55	51	33
63	55	51	33
63	55	51	33
63	55	51	33
63	55	51	33
63	55	51	33
63	55	51	33
63	55	51	33
63	55	51	33
63	55	0	0