59	0	0
59	0	0
59	0	0
59	0	0
59	0	0
59	0	0
59	0	0
59	0	0
59	0	0
59	0	0
59	0	0
59	0	0
59	0	0
59	0	0
59	0	0
59	0	0
59	0	0
59	0	0
59	0	0
59	0	0
61	0	0
61	0	0
61	0	0
61	0	0
61	0	0
61	0	0
61	0	0
61	0	0
61	0	0
61	0	0
59	0	0
59	0	0
59	0	0
59	0	0
59	0	0
59	0	0
59	0	0
59	0	0
59	0	0
59	0	0
58	0	0
58	56	0
58	56	0
58	56	0
58	56	0
58	56	0
58	56	0
58	56	0
58	56	0
58	56	0
59	56	0
59	54	0
59	54	0
59	54	0
59	54	0
59	54	0
59	54	0
59	54	0
59	54	0
59	54	0
61	54	0
61	53	0
61	53	0
61	53	0
61	53	0
61	53	0
61	53	0
61	53	0
61	53	0
61	53	0
61	53	0
61	54	0
61	54	0
61	54	0
61	54	0
61	54	0
61	54	0
61	54	0
61	54	0
61	54	0
63	54	0
63	56	0
63	56	0
63	56	0
63	56	0
63	56	0
63	56	0
63	56	0
63	56	0
63	56	0
61	56	0
61	56	0
61	56	0
61	56	0
61	56	0
61	56	0
61	56	0
61	56	0
61	56	0
61	56	0
59	56	0
59	58	0
59	58	0
59	58	0
59	58	0
59	58	0
59	58	0
59	58	0
59	58	0
59	58	0
61	58	0
61	56	0
61	56	0
61	56	0
61	56	0
61	56	0
61	56	0
61	56	0
61	56	0
61	56	0
63	56	0
63	54	0
63	54	0
63	54	0
63	54	0
63	54	0
63	54	0
63	54	0
63	54	0
63	54	0
63	54	0
63	56	0
63	56	0
63	56	0
63	56	0
63	56	0
63	56	0
63	56	0
63	56	0
63	56	0
61	56	0
61	58	0
61	58	0
61	58	0
61	58	0
61	58	0
61	58	0
61	58	0
61	58	0
61	58	0
61	58	0
61	58	0
61	58	0
61	58	0
61	58	0
61	58	0
61	58	0
61	58	0
61	58	0
61	58	0
59	58	0
59	56	0
59	56	0
59	56	0
59	56	0
59	56	0
59	56	0
59	56	0
59	56	0
59	56	0
59	56	0
59	56	0
59	56	0
59	56	0
59	56	0
59	56	0
59	56	0
59	56	0
59	56	0
59	56	0
54	56	0
54	54	0
54	54	0
54	54	0
54	54	0
54	54	0
54	54	0
54	54	0
54	54	0
54	54	0
54	54	0
54	54	0
54	54	0
54	54	0
54	54	0
54	54	0
54	54	0
54	54	0
54	54	0
54	54	0
64	54	0
64	49	0
64	49	0
64	49	0
64	49	0
64	49	0
64	49	0
64	49	0
64	49	0
64	49	0
64	49	0
64	49	0
64	49	0
64	49	0
64	49	0
64	49	0
64	49	0
64	49	0
64	49	0
64	49	0
64	49	0
64	59	0
64	59	0
64	59	0
64	59	0
64	59	0
64	59	0
64	59	0
64	59	0
64	59	0
64	59	0
64	59	0
64	59	0
64	59	0
64	59	0
64	59	0
64	59	0
64	59	0
64	59	0
64	59	0
63	59	0
63	59	0
63	59	0
63	59	0
63	59	0
63	59	0
63	59	0
63	59	0
63	59	0
63	59	0
63	59	0
63	59	0
63	59	0
63	59	0
63	59	0
63	59	0
63	59	0
63	59	0
63	59	0
63	59	0
61	59	0
61	58	0
61	58	0
61	58	0
61	58	0
61	58	0
61	58	0
61	58	0
61	58	0
61	58	0
61	58	0
61	58	0
61	58	0
61	58	0
61	58	0
61	58	0
61	58	0
61	58	0
61	58	0
61	58	0
59	58	0
59	56	0
59	56	0
59	56	0
59	56	0
59	56	0
59	56	0
59	56	0
59	56	0
59	56	0
59	56	0
59	56	0
59	56	0
59	56	0
59	56	0
59	56	0
59	56	0
59	56	0
59	56	0
59	56	0
58	56	0
58	54	0
58	54	0
58	54	0
58	54	0
58	54	0
58	54	0
58	54	0
58	54	0
58	54	0
58	54	0
58	54	0
58	54	0
58	54	0
58	54	0
58	54	0
58	54	0
58	54	0
58	54	0
58	54	0
68	54	0
68	53	0
68	53	0
68	53	0
68	53	0
68	53	0
68	53	0
68	53	0
68	53	0
68	53	0
68	53	0
68	53	0
68	53	0
68	53	0
68	53	0
68	53	0
68	53	0
68	53	0
68	53	0
68	53	0
68	53	0
68	63	0
68	63	0
68	63	0
68	63	0
68	63	0
68	63	0
68	63	0
68	63	0
68	63	0
68	63	0
68	63	0
68	63	0
68	63	0
68	63	0
68	63	0
68	63	0
68	63	0
68	63	0
68	63	0
66	63	0
66	63	0
66	63	0
66	63	0
66	63	0
66	63	0
66	63	0
66	63	0
66	63	0
66	63	0
66	63	0
66	63	0
66	63	0
66	63	0
66	63	0
66	63	0
66	63	0
66	63	0
66	63	0
66	63	0
68	63	0
68	61	0
68	61	0
68	61	0
68	61	0
68	61	0
68	61	0
68	61	0
68	61	0
68	61	0
66	61	0
66	61	0
66	61	0
66	61	0
66	61	0
66	61	0
66	61	0
66	61	0
66	61	0
66	61	0
64	61	0
64	63	0
64	63	0
64	63	0
64	63	0
64	63	0
64	63	0
64	63	0
64	63	0
64	63	0
63	63	0
63	61	0
63	61	0
63	61	0
63	61	0
63	61	0
63	61	0
63	61	0
63	61	0
63	61	0
61	61	0
61	59	0
61	59	0
61	59	0
61	59	0
61	59	0
61	59	0
61	59	0
61	59	0
61	59	0
61	59	0
61	58	0
61	58	0
61	58	0
61	58	0
61	58	0
61	58	0
61	58	0
61	58	0
61	58	0
64	58	0
64	56	0
64	56	0
64	56	0
64	56	0
64	56	0
64	56	0
64	56	0
64	56	0
64	56	0
63	56	0
63	56	0
63	56	0
63	56	0
63	56	0
63	56	0
63	56	0
63	56	0
63	56	0
63	56	0
61	56	0
61	59	0
61	59	0
61	59	0
61	59	0
61	59	0
61	59	0
61	59	0
61	59	0
61	59	0
59	59	0
59	58	0
59	58	0
59	58	0
59	58	0
59	58	0
59	58	0
59	58	0
59	58	0
59	58	0
58	58	0
58	56	0
58	56	0
58	56	0
58	56	0
58	56	0
58	56	0
58	56	0
58	56	0
58	56	0
58	56	0
58	54	0
58	54	0
58	54	0
58	54	0
58	54	0
58	54	0
58	54	0
58	54	0
58	54	0
59	54	0
59	53	0
59	53	0
59	53	0
59	53	0
59	53	0
59	53	0
59	53	0
59	53	0
59	53	0
59	53	0
59	53	0
59	53	0
59	53	0
59	53	0
59	53	0
59	53	0
59	53	0
59	53	0
59	53	0
61	53	0
61	59	0
61	59	0
61	59	0
61	59	0
61	59	0
61	59	0
61	59	0
61	59	0
61	59	0
61	59	0
61	59	0
61	59	0
61	59	0
61	59	0
61	59	0
61	59	0
61	59	0
61	59	0
61	59	0
59	59	0
59	58	0
59	58	0
59	58	0
59	58	0
59	58	0
59	58	0
59	58	0
59	58	0
59	58	0
59	58	0
59	58	0
59	58	0
59	58	0
59	58	0
59	58	0
59	58	0
59	58	0
59	58	0
59	58	0
61	58	0
61	56	0
61	56	0
61	56	0
61	56	0
61	56	0
61	56	0
61	56	0
61	56	0
61	56	0
61	56	0
61	56	0
61	56	0
61	56	0
61	56	0
61	56	0
61	56	0
61	56	0
61	56	0
61	56	0
63	56	0
63	54	0
63	54	0
63	54	0
63	54	0
63	54	0
63	54	0
63	54	0
63	54	0
63	54	0
63	54	0
63	54	0
63	54	0
63	54	0
63	54	0
63	54	0
63	54	0
63	54	0
63	54	0
63	54	0
61	54	0
61	53	0
61	53	0
61	53	0
61	53	0
61	53	0
61	53	0
61	53	0
61	53	0
61	53	0
61	53	0
61	53	0
61	53	0
61	53	0
61	53	0
61	53	0
61	53	0
61	53	0
61	53	0
61	53	0
63	53	0
63	54	0
63	54	0
63	54	0
63	54	0
63	54	0
63	54	0
63	54	0
63	54	0
63	54	0
65	54	0
65	56	0
65	56	0
65	56	0
65	56	0
65	56	0
65	56	0
65	56	0
65	56	0
65	56	0
66	56	0
66	58	0
66	58	0
66	58	0
66	58	0
66	58	0
66	58	0
66	58	0
66	58	0
66	58	0
63	58	0
63	54	0
63	54	0
63	54	0
63	54	0
63	54	0
63	54	0
63	54	0
63	54	0
63	54	0
65	54	0
65	59	0
65	59	0
65	59	0
65	59	0
65	59	0
65	59	0
65	59	0
65	59	0
65	59	0
63	59	0
63	54	0
63	54	0
63	54	0
63	54	0
63	54	0
63	54	0
63	54	0
63	54	0
63	54	0
65	54	0
65	61	0
65	61	0
65	61	0
65	61	0
65	61	0
65	61	0
65	61	0
65	61	0
65	61	0
66	61	0
66	54	0
66	54	0
66	54	0
66	54	0
66	54	0
66	54	0
66	54	0
66	54	0
66	54	0
68	54	0
68	63	0
68	63	0
68	63	0
68	63	0
68	63	0
68	63	0
68	63	0
68	63	0
68	63	0
65	63	0
65	54	0
65	54	0
65	54	0
65	54	0
65	54	0
65	54	0
65	54	0
65	54	0
65	54	0
66	54	0
66	64	0
66	64	0
66	64	0
66	64	0
66	64	0
66	64	0
66	64	0
66	64	0
66	64	0
65	64	0
65	54	0
65	54	0
65	54	0
65	54	0
65	54	0
65	54	0
65	54	0
65	54	0
65	54	0
66	54	0
66	63	0
66	63	0
66	63	0
66	63	0
66	63	0
66	63	0
66	63	0
66	63	0
66	63	0
68	63	0
68	63	0
68	63	0
68	63	0
68	63	0
68	63	0
68	63	0
68	63	0
68	63	0
68	63	0
70	63	0
70	63	0
70	63	0
70	63	0
70	63	0
70	63	0
70	63	0
70	63	0
70	63	0
70	63	0
66	63	0
66	63	0
66	63	0
66	63	0
66	63	0
66	63	0
66	63	0
66	63	0
66	63	0
66	63	0
68	63	0
68	63	0
68	63	0
68	63	0
68	63	0
68	63	0
68	63	0
68	63	0
68	63	0
68	63	0
66	63	0
66	63	0
66	63	0
66	63	0
66	63	0
66	63	0
66	63	0
66	63	0
66	63	0
66	63	0
68	63	0
68	64	0
68	64	0
68	64	0
68	64	0
68	64	0
68	64	0
68	64	0
68	64	0
68	64	0
70	64	0
70	64	0
70	64	0
70	64	0
70	64	0
70	64	0
70	64	0
70	64	0
70	64	0
70	64	0
71	64	0
71	64	0
71	64	0
71	64	0
71	64	0
71	64	0
71	64	0
71	64	0
71	64	0
71	64	0
68	64	0
68	64	0
68	64	0
68	64	0
68	64	0
68	64	0
68	64	0
68	64	0
68	64	0
68	64	0
70	64	0
70	64	0
70	64	0
70	64	0
70	64	0
70	64	0
70	64	0
70	64	0
70	64	0
70	64	0
70	64	0
70	64	0
70	64	0
70	64	0
70	64	0
70	64	0
70	64	0
70	64	0
70	64	0
70	64	0
71	64	0
71	64	0
71	64	0
71	64	0
71	64	0
71	64	0
71	64	0
71	64	0
71	64	0
71	64	0
70	64	0
70	64	0
70	64	0
70	64	0
70	64	0
70	64	0
70	64	0
70	64	0
70	64	0
70	64	0
68	64	0
68	58	0
68	58	0
68	58	0
68	58	0
68	58	0
68	58	0
68	58	0
68	58	0
68	58	0
66	58	0
66	58	0
66	58	0
66	58	0
66	58	0
66	58	0
66	58	0
66	58	0
66	58	0
66	58	0
71	58	0
71	59	0
71	59	0
71	59	0
71	59	0
71	59	0
71	59	0
71	59	0
71	59	0
71	59	0
71	59	0
71	59	0
71	59	0
71	59	0
71	59	0
71	59	0
71	59	0
71	59	0
71	59	0
71	59	0
71	59	0
71	59	0
71	59	0
71	59	0
71	59	0
71	59	0
71	59	0
71	59	0
71	59	0
71	59	0
71	59	0
71	59	0
71	59	0
71	59	0
71	59	0
71	59	0
71	59	0
71	59	0
71	59	0
71	59	0
71	59	0
71	58	0
71	58	0
71	58	0
71	58	0
71	58	0
71	58	0
71	58	0
71	58	0
71	58	0
71	58	0
71	59	0
71	59	0
71	59	0
71	59	0
71	59	0
71	59	0
71	59	0
71	59	0
71	59	0
71	59	0
71	61	0
71	61	0
71	61	0
71	61	0
71	61	0
71	61	0
71	61	0
71	61	0
71	61	0
70	61	0
70	58	0
70	58	0
70	58	0
70	58	0
70	58	0
70	58	0
70	58	0
70	58	0
70	58	0
68	58	0
68	59	0
68	59	0
68	59	0
68	59	0
68	59	0
68	59	0
68	59	0
68	59	0
68	59	0
71	59	0
71	58	0
71	58	0
71	58	0
71	58	0
71	58	0
71	58	0
71	58	0
71	58	0
71	58	0
66	58	0
66	59	0
66	59	0
66	59	0
66	59	0
66	59	0
66	59	0
66	59	0
66	59	0
66	59	0
71	59	0
71	61	0
71	61	0
71	61	0
71	61	0
71	61	0
71	61	0
71	61	0
71	61	0
71	61	0
65	61	0
65	63	0
65	63	0
65	63	0
65	63	0
65	63	0
65	63	0
65	63	0
65	63	0
65	63	0
71	63	0
71	59	0
71	59	0
71	59	0
71	59	0
71	59	0
71	59	0
71	59	0
71	59	0
71	59	0
63	59	0
63	61	0
63	61	0
63	61	0
63	61	0
63	61	0
63	61	0
63	61	0
63	61	0
63	61	0
71	61	0
71	59	0
71	59	0
71	59	0
71	59	0
71	59	0
71	59	0
71	59	0
71	59	0
71	59	0
61	59	0
61	61	0
61	61	0
61	61	0
61	61	0
61	61	0
61	61	0
61	61	0
61	61	0
61	61	0
71	61	0
71	63	0
71	63	0
71	63	0
71	63	0
71	63	0
71	63	0
71	63	0
71	63	0
71	63	0
70	63	0
70	64	0
70	64	0
70	64	0
70	64	0
70	64	0
70	64	0
70	64	0
70	64	0
70	64	0
70	64	0
70	61	0
70	61	0
70	61	0
70	61	0
70	61	0
70	61	0
70	61	0
70	61	0
70	61	0
66	61	0
66	63	0
66	63	0
66	63	0
66	63	0
66	63	0
66	63	0
66	63	0
66	63	0
66	63	0
66	63	0
66	63	0
66	63	0
66	63	0
66	63	0
66	63	0
66	63	0
66	63	0
66	63	0
66	63	0
68	63	0
68	64	0
68	64	0
68	64	0
68	64	0
68	64	0
68	64	0
68	64	0
68	64	0
68	64	0
68	64	0
68	63	0
68	63	0
68	63	0
68	63	0
68	63	0
68	63	0
68	63	0
68	63	0
68	63	0
70	63	0
70	61	0
70	61	0
70	61	0
70	61	0
70	61	0
70	61	0
70	61	0
70	61	0
70	61	0
70	61	0
70	59	0
70	59	0
70	59	0
70	59	0
70	59	0
70	59	0
70	59	0
70	59	0
70	59	0
71	59	0
71	64	0
71	64	0
71	64	0
71	64	0
71	64	0
71	64	0
71	64	0
71	64	0
71	64	0
71	64	0
71	64	0
71	64	0
71	64	0
71	64	0
71	64	0
71	64	0
71	64	0
71	64	0
71	64	0
73	64	0
73	64	0
73	64	0
73	64	0
73	64	0
73	64	0
73	64	0
73	64	0
73	64	0
73	64	0
73	64	0
73	64	0
73	64	0
73	64	0
73	64	0
73	64	0
73	64	0
73	64	0
73	64	0
73	64	0
73	64	47
73	64	47
73	64	47
73	64	47
73	64	47
73	64	47
73	64	47
73	64	47
73	64	47
73	64	47
73	64	47
73	64	47
73	64	47
73	64	47
73	64	47
73	64	47
73	64	47
73	64	47
73	64	47
73	64	47
66	64	49
66	64	49
66	64	49
66	64	49
66	64	49
66	64	49
66	64	49
66	64	49
66	64	49
66	64	49
66	64	47
66	63	47
66	63	47
66	63	47
66	63	47
66	63	47
66	63	47
66	63	47
66	63	47
66	63	47
71	63	46
71	61	46
71	61	46
71	61	46
71	61	46
71	61	46
71	61	46
71	61	46
71	61	46
71	61	46
71	61	47
71	64	47
71	64	47
71	64	47
71	64	47
71	64	47
71	64	47
71	64	47
71	64	47
71	64	47
71	64	49
71	59	49
71	59	49
71	59	49
71	59	49
71	59	49
71	59	49
71	59	49
71	59	49
71	59	49
71	59	49
71	64	49
71	64	49
71	64	49
71	64	49
71	64	49
71	64	49
71	64	49
71	64	49
71	64	49
70	64	51
70	58	51
70	58	51
70	58	51
70	58	51
70	58	51
70	58	51
70	58	51
70	58	51
70	58	51
70	58	49
70	64	49
70	64	49
70	64	49
70	64	49
70	64	49
70	64	49
70	64	49
70	64	49
70	64	49
68	64	47
68	56	47
68	56	47
68	56	47
68	56	47
68	56	47
68	56	47
68	56	47
68	56	47
68	56	47
68	56	49
68	64	49
68	64	49
68	64	49
68	64	49
68	64	49
68	64	49
68	64	49
68	64	49
68	64	49
66	64	51
66	54	51
66	54	51
66	54	51
66	54	51
66	54	51
66	54	51
66	54	51
66	54	51
66	54	51
66	54	51
66	64	51
66	64	51
66	64	51
66	64	51
66	64	51
66	64	51
66	64	51
66	64	51
66	64	51
64	64	49
64	63	49
64	63	49
64	63	49
64	63	49
64	63	49
64	63	49
64	63	49
64	63	49
64	63	49
64	63	49
64	63	49
64	63	49
64	63	49
64	63	49
64	63	49
64	63	49
64	63	49
64	63	49
64	63	49
63	63	47
63	57	47
63	57	47
63	57	47
63	57	47
63	57	47
63	57	47
63	57	47
63	57	47
63	57	47
63	57	47
63	57	47
63	57	47
63	57	47
63	57	47
63	57	47
63	57	47
63	57	47
63	57	47
63	57	47
61	57	42
61	56	42
61	56	42
61	56	42
61	56	42
61	56	42
61	56	42
61	56	42
61	56	42
61	56	42
61	56	42
61	56	42
61	56	42
61	56	42
61	56	42
61	56	42
61	56	42
61	56	42
61	56	42
61	56	42
61	56	52
61	54	52
61	54	52
61	54	52
61	54	52
61	54	52
61	54	52
61	54	52
61	54	52
61	54	52
61	54	52
61	54	52
61	54	52
61	54	52
61	54	52
61	54	52
61	54	52
61	54	52
61	54	52
61	54	52
0	54	52
0	52	52
0	52	52
0	52	52
0	52	52
0	52	52
0	52	52
0	52	52
0	52	52
0	52	52
0	52	52
0	52	52
0	52	52
0	52	52
0	52	52
0	52	52
0	52	52
0	52	52
0	52	52
0	52	52
0	52	51
0	51	51
0	51	51
0	51	51
0	51	51
0	51	51
0	51	51
0	51	51
0	51	51
0	51	51
0	51	51
0	51	51
0	51	51
0	51	51
0	51	51
0	51	51
0	51	51
0	51	51
0	51	51
0	51	51
0	51	49
0	0	49
0	0	49
0	0	49
0	0	49
0	0	49
0	0	49
0	0	49
0	0	49
0	0	49
0	0	49
0	0	49
0	0	49
0	0	49
0	0	49
0	0	49
0	0	49
0	0	49
0	0	49
0	0	49
66	0	47
66	0	47
66	0	47
66	0	47
66	0	47
66	0	47
66	0	47
66	0	47
66	0	47
66	0	47
66	0	47
66	0	47
66	0	47
66	0	47
66	0	47
66	0	47
66	0	47
66	0	47
66	0	47
66	0	47
66	0	46
66	59	46
66	59	46
66	59	46
66	59	46
66	59	46
66	59	46
66	59	46
66	59	46
66	59	46
66	59	46
66	59	46
66	59	46
66	59	46
66	59	46
66	59	46
66	59	46
66	59	46
66	59	46
66	59	46
64	59	56
64	58	56
64	58	56
64	58	56
64	58	56
64	58	56
64	58	56
64	58	56
64	58	56
64	58	56
64	58	56
64	58	56
64	58	56
64	58	56
64	58	56
64	58	56
64	58	56
64	58	56
64	58	56
64	58	56
73	58	56
73	58	56
73	58	56
73	58	56
73	58	56
73	58	56
73	58	56
73	58	56
73	58	56
73	58	56
73	58	56
73	58	56
73	58	56
73	58	56
73	58	56
73	58	56
73	58	56
73	58	56
73	58	56
73	58	56
73	58	54
73	58	54
73	58	54
73	58	54
73	58	54
73	58	54
73	58	54
73	58	54
73	58	54
73	58	54
73	58	54
73	58	54
73	58	54
73	58	54
73	58	54
73	58	54
73	58	54
73	58	54
73	58	54
73	58	54
71	58	56
71	58	56
71	58	56
71	58	56
71	58	56
71	58	56
71	58	56
71	58	56
71	58	56
71	58	56
71	58	54
71	58	54
71	58	54
71	58	54
71	58	54
71	58	54
71	58	54
71	58	54
71	58	54
71	58	54
71	58	52
71	58	52
71	58	52
71	58	52
71	58	52
71	58	52
71	58	52
71	58	52
71	58	52
71	58	52
71	58	51
71	58	51
71	58	51
71	58	51
71	58	51
71	58	51
71	58	51
71	58	51
71	58	51
71	58	51
71	0	49
71	0	49
71	58	49
71	58	49
71	58	49
71	58	49
71	58	49
71	58	49
71	58	49
71	58	49
71	58	49
71	58	49
71	58	49
71	58	49
71	58	49
71	58	49
71	58	49
71	58	49
71	58	49
71	58	49
73	58	52
73	58	52
73	56	52
73	56	52
73	56	52
73	56	52
73	56	52
73	56	52
73	56	52
73	56	52
71	56	51
71	56	51
71	56	51
71	56	51
71	56	51
71	56	51
71	56	51
71	56	51
71	56	51
71	56	51
70	56	49
70	56	49
70	56	49
70	56	49
70	56	49
70	56	49
70	56	49
70	56	49
70	56	49
70	56	49
68	56	47
68	56	47
68	56	47
68	56	47
68	56	47
68	56	47
68	56	47
68	56	47
68	56	47
68	56	47
66	56	46
66	56	46
66	56	46
66	56	46
66	56	46
66	56	46
66	56	46
66	56	46
66	56	46
66	56	46
66	56	46
66	56	46
66	56	46
66	56	46
66	56	46
66	56	46
66	56	46
66	56	46
66	56	46
66	56	46
66	56	46
66	56	46
66	56	46
66	56	46
66	56	46
66	56	46
66	56	46
66	56	46
66	56	46
66	56	46
66	56	46
66	56	46
66	56	46
66	56	46
66	56	46
66	56	46
66	56	46
66	56	46
66	56	46
66	56	46
66	56	44
66	56	44
66	56	44
66	56	44
66	56	44
66	56	44
66	56	44
66	56	44
66	56	44
66	56	44
66	56	44
66	56	44
66	56	44
66	56	44
66	56	44
66	56	44
66	56	44
66	56	44
66	56	44
66	56	44
66	0	42
66	0	42
66	56	42
66	56	42
66	56	42
66	56	42
66	56	42
66	56	42
66	56	42
66	56	42
66	56	44
66	56	44
66	56	44
66	56	44
66	56	44
66	56	44
66	56	44
66	56	44
66	56	44
66	56	44
66	56	42
66	56	42
66	54	42
66	54	42
66	54	42
66	54	42
66	54	42
66	54	42
66	54	42
66	54	42
66	54	40
66	54	40
66	54	40
66	54	40
66	54	40
66	54	40
66	54	40
66	54	40
66	54	40
66	54	40
66	54	39
66	54	39
66	54	39
66	54	39
66	54	39
66	54	39
66	54	39
66	54	39
66	54	39
66	54	39
66	54	37
66	54	37
66	54	37
66	54	37
66	54	37
66	54	37
66	54	37
66	54	37
66	54	37
66	54	37
66	54	35
66	54	35
66	54	35
66	54	35
66	54	35
66	54	35
66	54	35
66	54	35
66	54	35
66	54	35
66	54	37
66	54	37
66	54	37
66	54	37
66	54	37
66	54	37
66	54	37
66	54	37
66	54	37
0	54	37
0	54	39
66	54	39
66	54	39
66	54	39
66	54	39
66	54	39
66	54	39
66	54	39
66	54	39
66	54	39
66	54	35
66	54	35
66	54	35
66	54	35
66	54	35
66	54	35
66	54	35
66	54	35
66	54	35
66	54	35
66	54	40
64	54	40
64	52	40
64	52	40
64	52	40
64	52	40
64	52	40
64	52	40
64	52	40
64	52	40
64	52	35
64	52	35
64	54	35
64	54	35
64	54	35
64	54	35
64	54	35
64	54	35
64	54	35
64	54	35
64	54	42
63	54	42
63	56	42
63	56	42
63	56	42
63	56	42
63	56	42
63	56	42
63	56	42
63	56	42
63	56	35
63	56	35
63	54	35
63	54	35
63	54	35
63	54	35
63	54	35
63	54	35
63	54	35
63	54	35
63	54	44
61	54	44
61	52	44
61	52	44
61	52	44
61	52	44
61	52	44
61	52	44
61	52	44
61	52	44
61	52	35
61	52	35
61	52	35
61	52	35
61	52	35
61	52	35
61	52	35
61	52	35
61	52	35
61	52	35
61	52	45
59	52	45
59	51	45
59	51	45
59	51	45
59	51	45
59	51	45
59	51	45
59	51	45
59	51	45
59	51	35
59	51	35
59	52	35
59	52	35
59	52	35
59	52	35
59	52	35
59	52	35
59	52	35
59	52	35
59	52	44
64	52	44
64	54	44
64	54	44
64	54	44
64	54	44
64	54	44
64	54	44
64	54	44
64	54	44
64	54	42
66	54	42
66	52	42
66	52	42
66	52	42
66	52	42
66	52	42
66	52	42
66	52	42
66	52	42
66	52	40
68	52	40
68	51	40
68	51	40
68	51	40
68	51	40
68	51	40
68	51	40
68	51	40
68	51	40
68	51	44
68	51	44
68	51	44
68	51	44
68	51	44
68	51	44
68	51	44
68	51	44
68	51	44
68	51	44
68	51	39
68	51	39
68	52	39
68	52	39
68	52	39
68	52	39
68	52	39
68	52	39
68	52	39
68	52	39
68	52	44
68	52	44
68	52	44
68	52	44
68	52	44
68	52	44
68	52	44
68	52	44
68	52	44
68	52	44
68	52	37
68	52	37
68	54	37
68	54	37
68	54	37
68	54	37
68	54	37
68	54	37
68	54	37
68	54	37
68	54	44
66	54	44
66	54	44
66	54	44
66	54	44
66	54	44
66	54	44
66	54	44
66	54	44
66	54	44
66	54	35
64	54	35
64	59	35
64	59	35
64	59	35
64	59	35
64	59	35
64	59	35
64	59	35
64	59	35
64	59	44
63	59	44
63	59	44
63	59	44
63	59	44
63	59	44
63	59	44
63	59	44
63	59	44
63	59	44
63	59	34
61	59	34
61	49	34
61	49	34
61	49	34
61	49	34
61	49	34
61	49	34
61	49	34
61	49	34
61	49	44
64	49	44
64	49	44
64	49	44
64	49	44
64	49	44
64	49	44
64	49	44
64	49	44
64	49	44
64	49	42
63	49	42
63	49	42
63	49	42
63	49	42
63	49	42
63	49	42
63	49	42
63	49	42
63	49	42
63	49	40
64	49	40
64	49	40
64	49	40
64	49	40
64	49	40
64	49	40
64	49	40
64	49	40
64	49	40
64	49	39
66	49	39
66	51	39
66	51	39
66	51	39
66	51	39
66	51	39
66	51	39
66	51	39
66	51	39
66	51	42
66	51	42
66	51	42
66	51	42
66	51	42
66	51	42
66	51	42
66	51	42
66	51	42
66	51	42
66	51	37
66	51	37
66	52	37
66	52	37
66	52	37
66	52	37
66	52	37
66	52	37
66	52	37
66	52	37
66	52	42
66	52	42
66	52	42
66	52	42
66	52	42
66	52	42
66	52	42
66	52	42
66	52	42
66	52	42
66	52	35
66	52	35
66	54	35
66	54	35
66	54	35
66	54	35
66	54	35
66	54	35
66	54	35
66	54	35
66	54	42
64	54	42
64	54	42
64	54	42
64	54	42
64	54	42
64	54	42
64	54	42
64	54	42
64	54	42
64	54	34
63	54	34
63	56	34
63	56	34
63	56	34
63	56	34
63	56	34
63	56	34
63	56	34
63	56	34
63	56	42
61	56	42
61	56	42
61	56	42
61	56	42
61	56	42
61	56	42
61	56	42
61	56	42
61	56	42
61	56	32
59	56	32
59	46	32
59	46	32
59	46	32
59	46	32
59	46	32
59	46	32
59	46	32
59	46	32
59	46	42
63	46	42
63	46	42
63	46	42
63	46	42
63	46	42
63	46	42
63	46	42
63	46	42
63	46	42
63	46	40
61	46	40
61	46	40
61	46	40
61	46	40
61	46	40
61	46	40
61	46	40
61	46	40
61	46	40
61	46	39
63	46	39
63	46	39
63	46	39
63	46	39
63	46	39
63	46	39
63	46	39
63	46	39
63	46	39
63	46	37
64	46	37
64	47	37
64	47	37
64	47	37
64	47	37
64	47	37
64	47	37
64	47	37
64	47	37
64	47	40
64	47	40
64	47	40
64	47	40
64	47	40
64	47	40
64	47	40
64	47	40
64	47	40
64	47	40
64	47	35
64	0	35
64	0	35
64	47	35
64	47	35
64	47	35
64	47	35
64	47	35
64	47	35
64	47	35
64	47	40
64	47	40
64	47	40
64	49	40
64	49	40
64	49	40
64	49	40
64	49	40
64	49	40
64	49	40
64	49	34
64	49	34
64	49	34
64	51	34
64	51	34
64	51	34
64	51	34
64	51	34
64	51	34
64	51	34
64	51	40
63	51	40
63	51	40
63	53	40
63	53	40
63	53	40
63	53	40
63	53	40
63	53	40
63	53	40
63	53	32
61	53	32
61	53	32
61	54	32
61	54	32
61	54	32
61	54	32
61	54	32
61	54	32
61	54	32
61	54	40
59	54	40
59	54	40
59	54	40
59	54	40
59	54	40
59	54	40
59	54	40
59	54	40
59	54	40
59	54	30
58	54	30
58	54	30
58	51	30
58	51	30
58	51	30
58	51	30
58	51	30
58	51	30
58	51	30
58	51	40
61	51	40
61	51	40
61	53	40
61	53	40
61	53	40
61	53	40
61	53	40
61	53	40
61	53	40
61	53	39
59	53	39
59	53	39
59	54	39
59	54	39
59	54	39
59	54	39
59	54	39
59	54	39
59	54	39
59	54	39
61	54	39
61	54	39
61	56	39
61	56	39
61	56	39
61	56	39
61	56	39
61	56	39
61	56	39
61	56	37
63	56	37
63	56	37
63	58	37
63	58	37
63	58	37
63	58	37
63	58	37
63	58	37
63	58	37
63	58	37
63	58	37
63	58	37
63	58	37
63	58	37
63	58	37
63	58	37
63	58	37
63	58	37
63	58	37
63	58	35
63	58	35
63	58	35
63	56	35
63	56	35
63	56	35
63	56	35
63	56	35
63	56	35
63	56	35
63	56	35
63	56	35
63	56	35
63	56	35
63	56	35
63	56	35
63	56	35
63	56	35
63	56	35
63	56	35
63	56	37
63	56	37
63	56	37
63	55	37
63	55	37
63	55	37
63	55	37
63	55	37
63	55	37
63	55	37
63	55	37
63	55	37
63	55	37
63	55	37
63	55	37
63	55	37
63	55	37
63	55	37
63	55	37
63	55	37
63	55	35
56	55	35
56	55	35
56	56	35
56	56	35
56	56	35
56	56	35
56	56	35
56	56	35
56	56	35
56	56	35
56	56	35
56	56	35
56	56	35
56	56	35
56	56	35
56	56	35
56	56	35
56	56	35
56	56	35
56	56	34
61	56	34
61	56	34
61	54	34
61	54	34
61	54	34
61	54	34
61	54	34
61	54	34
61	54	34
61	54	34
61	54	34
61	54	34
61	54	34
61	54	34
61	54	34
61	54	34
61	54	34
61	54	34
61	54	34
61	54	35
61	54	35
61	54	35
61	53	35
61	53	35
61	53	35
61	53	35
61	53	35
61	53	35
61	53	35
61	53	47
59	53	47
59	53	47
59	53	47
59	53	47
59	53	47
59	53	47
59	53	47
59	53	47
59	53	47
59	53	45
61	53	45
61	53	45
61	54	45
61	54	45
61	54	45
61	54	45
61	54	45
61	54	45
61	54	45
61	54	44
61	54	44
61	54	44
61	54	44
61	54	44
61	54	44
61	54	44
61	54	44
61	54	44
61	54	44
61	54	42
63	54	42
63	54	42
63	53	42
63	53	42
63	53	42
63	53	42
63	53	42
63	53	42
63	53	42
63	53	45
63	53	45
63	53	45
63	51	45
63	51	45
63	51	45
63	51	45
63	51	45
63	51	45
63	51	45
63	51	44
64	51	44
64	51	44
64	49	44
64	49	44
64	49	44
64	49	44
64	49	44
64	49	44
64	49	44
64	49	45
66	49	45
66	49	45
66	52	45
66	52	45
66	52	45
66	52	45
66	52	45
66	52	45
66	52	45
66	52	44
64	52	44
64	52	44
64	51	44
64	51	44
64	51	44
64	51	44
64	51	44
64	51	44
64	51	44
64	51	42
63	51	42
63	51	42
63	52	42
63	52	42
63	52	42
63	52	42
63	52	42
63	52	42
63	52	42
63	52	40
61	52	40
61	52	40
61	51	40
61	51	40
61	51	40
61	51	40
61	51	40
61	51	40
61	51	40
61	51	44
59	51	44
59	51	44
59	49	44
59	49	44
59	49	44
59	49	44
59	49	44
59	49	44
0	49	44
0	49	42
59	49	42
59	49	42
59	47	42
59	47	42
58	47	42
58	47	42
58	47	42
58	47	42
59	47	42
59	47	44
59	47	44
58	47	44
58	51	44
58	51	44
58	51	44
59	51	44
59	51	44
59	51	44
59	51	44
58	51	42
58	51	42
58	51	42
59	49	42
59	49	42
59	49	42
59	49	42
58	49	42
58	49	42
58	49	42
58	49	40
56	49	40
56	49	40
56	51	40
56	51	40
56	51	40
58	51	40
58	51	40
58	51	40
58	51	40
58	51	39
59	51	39
59	51	39
59	49	39
59	49	39
59	49	39
59	49	39
59	49	39
59	49	39
59	49	39
59	49	42
59	49	42
59	49	42
59	47	42
59	47	42
59	47	42
59	47	42
59	47	42
59	47	42
59	47	42
59	47	40
59	47	40
59	47	40
59	46	40
59	46	40
59	46	40
59	46	40
59	46	40
59	46	40
59	46	40
59	46	42
63	46	42
63	46	42
63	49	42
63	49	42
63	49	42
63	49	42
63	49	42
63	49	42
63	49	42
63	49	40
61	49	40
61	49	40
61	47	40
61	47	40
61	47	40
61	47	40
61	47	40
61	47	40
61	47	40
61	47	39
59	47	39
59	47	39
59	49	39
59	49	39
59	49	39
59	49	39
59	49	39
59	49	39
59	49	39
59	49	37
58	49	37
58	49	37
58	47	37
58	47	37
58	47	37
58	47	37
58	47	37
58	47	37
58	47	37
58	47	40
56	47	40
56	47	40
56	46	40
56	46	40
56	46	40
56	46	40
56	46	40
56	46	40
56	46	40
56	46	39
54	46	39
54	46	39
54	44	39
54	44	39
54	44	39
54	44	39
54	44	39
54	44	39
54	44	39
54	44	40
54	44	40
54	44	40
54	47	40
54	47	40
54	47	40
54	47	40
54	47	40
54	47	40
54	47	40
54	47	39
0	47	39
0	47	39
0	46	39
0	46	39
0	46	39
0	46	39
0	46	39
0	46	39
0	46	39
0	46	37
0	46	37
0	46	37
0	47	37
0	47	37
0	47	37
0	47	37
0	47	37
0	47	37
0	47	37
0	47	35
0	47	35
0	47	35
0	46	35
0	46	35
0	46	35
0	46	35
0	46	35
0	46	35
0	46	35
0	46	37
0	46	37
0	46	37
0	44	37
0	44	37
0	44	37
0	44	37
0	44	37
0	44	37
0	44	37
0	44	39
0	44	39
0	44	39
0	42	39
0	42	39
0	42	39
0	42	39
0	42	39
0	42	39
0	42	39
0	42	41
0	42	41
0	42	41
0	44	41
0	44	41
0	44	41
0	44	41
0	44	41
0	44	41
0	44	41
0	44	42
0	44	42
0	44	42
0	46	42
0	46	42
0	46	42
0	46	42
0	46	42
0	46	42
0	46	42
0	46	44
0	46	44
0	46	44
0	47	44
0	47	44
0	47	44
0	47	44
0	47	44
0	47	44
0	47	44
0	47	46
0	47	46
0	47	46
0	49	46
0	49	46
0	49	46
0	49	46
0	49	46
0	49	46
0	49	46
0	49	47
0	49	47
0	49	47
0	51	47
0	51	47
0	51	47
0	51	47
0	51	47
0	51	47
0	51	47
0	51	46
61	51	46
61	51	46
61	52	46
61	52	46
61	52	46
61	52	46
61	52	46
61	52	46
61	52	46
61	52	46
61	52	46
61	52	46
61	54	46
61	54	46
61	54	46
61	54	46
61	54	46
61	54	46
61	54	46
61	54	51
59	54	51
59	54	51
59	46	51
59	46	51
59	46	51
59	46	51
59	46	51
59	46	51
59	46	51
59	46	51
61	46	51
61	46	51
61	46	51
61	46	51
61	46	51
61	46	51
61	46	51
61	46	51
61	46	51
61	46	39
63	46	39
63	46	39
63	61	39
63	61	39
63	61	39
63	61	39
63	61	39
63	61	39
63	61	39
63	61	39
61	61	39
61	61	39
61	61	39
61	61	39
61	61	39
61	61	39
61	61	39
61	61	39
61	61	39
61	61	44
59	61	44
59	61	44
59	59	44
59	59	44
59	59	44
59	59	44
59	59	44
59	59	44
59	59	44
59	59	44
59	59	44
59	59	44
59	59	44
59	59	44
59	59	44
59	59	44
59	59	44
59	59	44
59	59	44
59	59	49
58	59	49
58	59	49
58	59	49
58	59	49
58	59	49
58	59	49
58	59	49
58	59	49
58	59	49
58	59	49
59	59	49
59	59	49
59	59	49
59	59	49
59	59	49
59	59	49
59	59	49
59	59	49
59	59	49
59	59	37
61	59	37
61	59	37
61	59	37
61	59	37
61	59	37
61	59	37
61	59	37
61	59	37
61	59	37
61	59	37
58	59	37
58	59	37
58	59	37
58	59	37
58	59	37
58	59	37
58	59	37
58	59	37
58	59	37
58	59	42
59	59	42
59	59	42
59	58	42
59	58	42
59	58	42
59	58	42
59	58	42
59	58	42
59	58	42
59	58	42
59	58	42
59	58	42
59	58	42
59	58	42
59	58	42
59	58	42
59	58	42
59	58	42
59	58	42
59	58	44
61	58	44
61	58	44
61	59	44
61	59	44
61	59	44
61	59	44
61	59	44
61	59	44
61	59	44
61	59	44
61	59	44
61	59	44
61	59	44
61	59	44
61	59	44
61	59	44
61	59	44
61	59	44
61	59	44
61	59	46
63	59	46
63	59	46
63	0	46
63	0	46
63	0	46
63	0	46
63	0	46
63	0	46
63	0	46
63	0	46
63	0	46
63	0	46
63	0	46
63	0	46
63	0	46
63	0	46
63	0	46
63	0	46
63	0	46
63	0	46
66	0	46
66	0	46
66	0	46
66	0	46
66	0	46
66	0	46
66	0	46
66	0	46
66	0	46
66	0	46
66	0	46
66	0	46
66	0	46
66	0	46
66	0	46
66	0	46
66	0	46
66	0	46
66	0	46
66	0	47
58	0	47
58	0	47
58	0	47
58	0	47
56	0	47
56	0	47
56	0	47
56	0	47
58	0	47
58	0	47
58	0	47
56	0	47
56	0	47
56	0	47
56	0	47
58	0	47
58	0	47
58	0	47
58	0	47
56	0	41
56	0	41
56	0	41
58	0	41
58	0	41
58	0	41
58	0	41
56	0	41
56	0	41
56	0	41
56	0	41
58	0	41
58	0	41
58	0	41
56	0	41
56	0	41
56	0	41
56	0	41
56	0	41
56	0	41
56	0	42
58	0	42
58	0	42
58	0	42
58	0	42
58	0	42
58	0	42
58	0	42
58	0	42
58	0	42
58	0	42
58	0	42
58	0	42
58	0	42
58	0	42
58	0	42
58	0	42
58	0	42
58	0	42
58	0	42
58	0	0
59	0	0
59	0	0
59	0	0
59	0	0
59	0	0
59	0	0
59	0	0
59	0	0
59	0	0
59	0	0
59	0	0
59	0	0
59	0	0
59	0	0
59	0	0
59	0	0
59	0	0
59	0	0
59	0	0
59	0	0
61	0	0
61	0	0
61	0	0
61	0	0
61	0	0
61	0	0
61	0	0
61	0	0
61	0	0
61	0	0
61	0	0
61	0	0
61	0	0
61	0	0
61	0	0
61	0	0
61	0	0
61	0	0
61	0	0
61	0	0
63	0	0
63	0	0
63	0	0
63	0	0
63	0	0
63	0	0
63	0	0
63	0	0
63	0	0
63	0	0
63	0	0
63	0	0
63	0	0
63	0	0
63	0	0
63	0	0
63	0	0
63	0	0
63	0	0
63	0	0
54	0	0
54	0	0
54	0	0
54	0	0
53	0	0
53	0	0
53	0	0
53	0	0
54	0	0
54	0	0
54	0	0
53	0	0
53	0	0
53	0	0
53	0	0
54	0	0
54	0	0
54	0	0
54	0	0
53	0	0
53	0	0
53	0	0
54	0	0
54	0	0
54	0	0
54	0	0
53	0	0
53	0	0
53	0	0
53	0	0
54	0	0
54	0	0
54	0	0
53	0	0
53	0	0
53	0	0
53	0	0
53	0	0
53	0	0
53	0	0
54	0	0
54	0	0
54	0	0
54	0	0
54	0	0
54	0	0
54	0	0
54	0	0
54	0	0
54	0	0
54	0	0
54	0	0
54	0	0
54	0	0
54	0	0
54	0	0
54	0	0
54	0	0
54	0	0
0	0	0
0	0	0
54	0	0
54	0	0
54	0	0
54	0	0
54	0	0
54	0	0
54	0	0
54	0	0
54	0	0
54	0	0
56	0	0
56	0	0
56	0	0
56	0	0
56	0	0
56	0	0
56	0	0
56	0	0
56	0	0
56	0	0
58	0	0
58	0	0
58	0	0
58	0	0
58	0	0
58	0	0
58	0	0
58	0	0
58	0	0
58	0	0
59	0	0
59	0	0
59	0	0
59	0	0
59	0	0
59	0	0
59	0	0
59	0	0
59	0	0
59	0	0
61	0	0
61	54	0
61	54	0
61	54	0
61	54	0
61	54	0
61	54	0
61	54	0
61	54	0
61	54	0
61	54	0
61	54	0
61	54	0
61	54	0
61	54	0
61	54	0
61	54	0
61	54	0
61	54	0
61	54	0
58	54	0
58	53	0
58	53	0
58	53	0
58	53	0
58	53	0
58	53	0
58	53	0
58	53	0
58	53	0
59	53	0
59	53	0
59	53	0
59	53	0
59	53	0
59	53	0
59	53	0
59	53	0
59	53	0
59	53	0
61	53	0
61	0	0
61	0	0
61	0	0
61	0	0
61	0	0
61	0	0
61	0	0
61	0	0
61	0	0
63	0	0
63	0	0
63	0	0
63	0	0
63	0	0
63	0	0
63	0	0
63	0	0
63	0	42
63	0	42
64	0	42
64	0	42
64	0	42
64	0	42
64	0	42
64	0	42
64	0	42
64	0	42
64	0	42
64	0	42
64	0	42
64	0	42
64	0	42
64	0	42
64	0	42
64	0	42
64	0	42
64	0	42
64	0	40
64	0	40
64	0	40
64	0	40
64	0	40
64	0	40
64	0	40
64	0	40
64	0	40
64	0	40
64	0	42
64	0	42
64	0	42
64	0	42
64	0	42
64	0	42
64	0	42
64	0	42
64	0	42
64	0	42
64	0	44
64	0	44
63	0	44
63	0	44
63	0	44
63	0	44
63	0	44
63	0	44
63	0	44
63	0	44
63	0	42
63	0	42
63	0	42
63	0	42
63	0	42
63	0	42
63	0	42
63	0	42
63	0	42
63	0	42
63	0	40
63	0	40
61	0	40
61	53	40
61	53	40
61	53	40
61	53	40
61	53	40
61	53	40
61	53	40
61	53	40
61	53	40
61	53	40
61	53	40
61	53	40
61	53	40
61	53	40
61	53	40
61	53	40
61	53	40
61	53	39
61	53	39
61	53	39
61	51	39
61	51	39
61	51	39
61	51	39
61	51	39
61	51	39
61	51	39
61	51	40
61	51	40
61	51	40
61	51	40
61	51	40
61	51	40
61	51	40
61	51	40
61	51	40
61	51	40
61	51	42
61	51	42
61	51	42
61	0	42
61	0	42
61	0	42
61	0	42
61	0	42
61	0	42
61	0	42
61	0	40
61	0	40
61	0	40
61	0	40
61	0	40
61	0	40
61	0	40
61	0	40
61	0	40
61	0	40
61	0	39
61	0	39
0	0	39
0	0	39
0	0	39
0	0	39
0	0	39
0	0	39
0	0	39
0	0	39
0	0	39
0	0	39
71	0	39
71	0	39
71	0	39
71	0	39
71	0	39
71	0	39
71	0	39
71	0	39
71	0	40
71	0	40
70	0	40
70	0	40
70	0	40
70	0	40
70	0	40
70	0	40
70	0	40
70	0	40
70	0	40
70	0	40
68	0	40
68	0	40
68	0	40
68	0	40
68	0	40
68	0	40
68	0	40
68	0	40
68	0	42
68	0	42
66	0	42
66	0	42
66	0	42
66	0	42
66	0	42
66	0	42
66	0	42
66	0	42
66	0	42
66	0	42
70	0	42
70	0	42
70	0	42
70	0	42
70	0	42
70	0	42
70	0	42
70	0	42
70	0	47
70	0	47
68	0	47
68	51	47
68	51	47
68	51	47
68	51	47
68	51	47
68	51	47
68	51	47
68	51	47
68	51	47
70	51	47
70	51	47
70	51	47
70	51	47
70	51	47
70	51	47
70	51	47
70	51	47
70	51	37
70	51	37
68	51	37
68	49	37
68	49	37
68	49	37
68	49	37
68	49	37
68	49	37
68	49	37
68	49	37
68	49	37
66	49	37
66	49	37
66	49	37
66	49	37
66	49	37
66	49	37
66	49	37
66	49	37
66	49	37
66	49	37
64	49	37
64	0	37
64	0	37
64	0	37
64	0	37
64	0	37
64	0	37
64	0	37
64	0	37
64	0	37
68	0	37
68	0	37
68	0	37
68	0	37
68	0	37
68	0	37
68	0	37
68	0	37
68	0	39
68	0	39
66	0	39
66	0	39
66	0	39
66	0	39
66	0	39
66	0	39
66	0	39
66	0	39
66	0	39
66	0	39
68	0	39
68	0	39
68	0	39
68	0	39
68	0	39
68	0	39
68	0	39
68	0	39
68	0	40
68	0	40
66	0	40
66	0	40
66	0	40
66	0	40
66	0	40
66	0	40
66	0	40
66	0	40
66	0	40
66	0	40
64	0	40
64	0	40
64	0	40
64	0	40
64	0	40
64	0	40
64	0	40
64	0	40
64	0	42
64	0	42
63	0	42
63	0	42
63	0	42
63	0	42
63	0	42
63	0	42
63	0	42
63	0	42
63	0	42
63	0	42
66	0	42
66	0	42
66	0	42
66	0	42
66	0	42
66	0	42
66	0	42
66	0	42
66	0	44
66	0	44
64	0	44
64	0	44
64	0	44
64	0	44
64	0	44
64	0	44
64	0	44
64	0	44
64	0	44
64	0	44
66	0	44
66	0	44
66	0	44
66	0	44
66	0	44
66	0	44
66	0	44
66	0	44
66	0	34
66	0	34
64	0	34
64	0	34
64	0	34
64	0	34
64	0	34
64	0	34
64	0	34
64	0	34
64	0	34
64	0	34
63	0	34
63	0	34
63	0	34
63	0	34
63	0	34
63	0	34
63	0	34
63	0	34
63	0	34
63	0	34
61	0	34
61	0	34
61	0	34
61	0	34
61	0	34
61	0	34
61	0	34
61	0	34
61	0	34
61	0	34
64	0	34
64	0	34
64	0	34
64	0	34
64	0	34
64	0	34
64	0	34
64	0	34
64	0	35
64	0	35
63	0	35
63	0	35
63	0	35
63	0	35
63	0	35
63	0	35
63	0	35
63	0	35
63	0	37
63	0	37
61	0	37
61	0	37
61	0	37
61	0	37
61	0	37
61	0	37
61	0	37
61	0	37
61	0	39
61	0	39
59	0	39
59	0	39
59	0	39
59	0	39
59	0	39
59	0	39
59	0	39
59	0	39
59	0	39
59	0	39
63	0	39
63	0	39
63	0	39
63	0	39
63	0	39
63	0	39
63	0	39
63	0	39
63	0	39
63	0	39
58	0	39
58	0	39
58	0	39
58	0	39
58	0	39
58	0	39
58	0	39
58	0	39
58	0	39
58	0	39
63	0	39
63	0	39
63	0	39
63	0	39
63	0	39
63	0	39
63	0	39
63	0	39
63	0	39
63	0	39
56	0	39
56	0	39
56	0	39
56	0	39
56	0	39
56	0	39
56	0	39
56	0	39
56	0	37
56	0	37
63	0	37
63	0	37
63	0	37
63	0	37
63	0	37
63	0	37
63	0	37
63	0	37
63	0	35
63	0	35
54	0	35
54	0	35
54	0	35
54	0	35
54	0	35
54	0	35
54	0	35
54	0	35
54	0	34
54	0	34
63	0	34
63	0	34
63	0	34
63	0	34
63	0	34
63	0	34
63	0	34
63	0	34
63	0	32
63	0	32
53	0	32
53	0	32
53	0	32
53	0	32
53	0	32
53	0	32
53	0	32
53	0	32
53	0	35
53	0	35
63	0	35
63	0	35
63	0	35
63	0	35
63	0	35
63	0	35
63	0	35
63	0	35
63	0	34
63	0	34
61	0	34
61	0	34
61	0	34
61	0	34
61	0	34
61	0	34
61	0	34
61	0	34
61	0	35
61	0	35
59	0	35
59	0	35
59	0	35
59	0	35
59	0	35
59	0	35
59	0	35
59	0	35
59	0	37
59	0	37
58	0	37
58	0	37
58	0	37
58	0	37
58	0	37
58	0	37
58	0	37
58	0	37
58	0	37
58	0	37
61	0	37
61	0	37
61	0	37
61	0	37
61	0	37
61	0	37
61	0	37
61	0	37
61	0	37
61	0	37
56	0	37
56	0	37
56	0	37
56	0	37
56	0	37
56	0	37
56	0	37
56	0	37
56	0	37
56	0	37
61	0	37
61	0	37
61	0	37
61	0	37
61	0	37
61	0	37
61	0	37
61	0	37
61	0	37
61	0	37
54	0	37
54	0	37
54	0	37
54	0	37
54	0	37
54	0	37
54	0	37
54	0	37
54	0	35
54	0	35
61	0	35
61	0	35
61	0	35
61	0	35
61	0	35
61	0	35
61	0	35
61	0	35
61	0	34
61	0	34
53	0	34
53	0	34
53	0	34
53	0	34
53	0	34
53	0	34
53	0	34
53	0	34
53	0	32
53	0	32
61	0	32
61	0	32
61	0	32
61	0	32
61	0	32
61	0	32
61	0	32
61	0	32
61	0	30
61	0	30
51	0	30
51	0	30
51	0	30
51	0	30
51	0	30
51	0	30
51	0	30
51	0	30
51	0	34
51	0	34
61	0	34
61	0	34
61	0	34
61	0	34
61	0	34
61	0	34
61	0	34
61	0	34
61	0	32
61	0	32
59	0	32
59	0	32
59	0	32
59	0	32
59	0	32
59	0	32
59	0	32
59	0	32
59	0	34
59	0	34
58	0	34
58	0	34
58	0	34
58	0	34
58	0	34
58	0	34
58	0	34
58	0	34
58	0	35
58	0	35
56	0	35
56	0	35
56	0	35
56	0	35
56	0	35
56	0	35
56	0	35
56	0	35
56	0	35
56	0	35
59	0	35
59	0	35
59	0	35
59	0	35
59	0	35
59	0	35
59	0	35
59	0	35
59	0	35
59	0	35
54	0	35
54	0	35
54	0	35
54	0	35
54	0	35
54	0	35
54	0	35
54	0	35
54	0	35
54	0	35
59	0	35
59	0	35
59	0	35
59	0	35
59	0	35
59	0	35
59	0	35
59	0	35
59	0	35
59	0	35
53	0	35
53	0	35
53	0	35
53	0	35
53	0	35
53	0	35
53	0	35
53	0	35
53	0	34
53	0	34
59	0	34
59	0	34
59	0	34
59	0	34
59	0	34
59	0	34
59	0	34
59	0	34
59	0	32
59	0	32
51	0	32
51	0	32
51	0	32
51	0	32
51	0	32
51	0	32
51	0	32
51	0	32
51	0	30
51	0	30
59	0	30
59	0	30
59	0	30
59	0	30
59	0	30
59	0	30
59	0	30
59	0	30
59	0	29
59	0	29
49	0	29
49	0	29
49	0	29
49	0	29
49	0	29
49	0	29
49	0	29
49	0	29
49	0	32
49	0	32
59	0	32
59	0	32
59	0	32
59	0	32
59	0	32
59	0	32
59	0	32
59	0	32
59	0	30
59	0	30
58	0	30
58	0	30
58	0	30
58	0	30
58	0	30
58	0	30
58	0	30
58	0	30
58	0	32
58	0	32
66	0	32
66	0	32
66	0	32
66	0	32
66	0	32
66	0	32
66	0	32
66	0	32
66	0	34
66	0	34
64	0	34
64	0	34
64	0	34
64	0	34
64	0	34
64	0	34
64	0	34
64	0	34
64	0	30
64	0	30
63	0	30
63	0	30
63	0	30
63	0	30
63	0	30
63	0	30
63	0	30
63	0	30
63	0	35
63	0	35
61	0	35
61	0	35
61	0	35
61	0	35
61	0	35
61	0	35
61	0	35
61	0	35
61	0	30
61	0	30
59	0	30
59	0	30
59	0	30
59	0	30
59	0	30
59	0	30
59	0	30
59	0	30
59	0	37
59	0	37
58	0	37
58	0	37
58	0	37
58	0	37
58	0	37
58	0	37
58	0	37
58	0	37
58	0	30
58	0	30
56	0	30
56	0	30
56	0	30
56	0	30
56	0	30
56	0	30
56	0	30
56	0	30
56	0	39
56	0	39
54	0	39
54	0	39
54	0	39
54	0	39
54	0	39
54	0	39
54	0	39
54	0	39
54	0	30
54	0	30
52	0	30
52	0	30
52	0	30
52	0	30
52	0	30
52	0	30
52	0	30
52	0	30
52	0	40
52	0	40
51	0	40
51	0	40
51	0	40
51	0	40
51	0	40
51	0	40
51	0	40
51	0	40
51	0	30
51	0	30
49	0	30
49	0	30
49	0	30
49	0	30
49	0	30
49	0	30
49	0	30
49	0	30
49	0	39
49	0	39
47	0	39
47	0	39
47	0	39
47	0	39
47	0	39
47	0	39
47	0	39
47	0	39
47	0	47
47	0	47
49	0	47
49	0	47
49	0	47
49	0	47
49	0	47
49	0	47
49	0	47
49	0	47
49	0	45
49	0	45
51	0	45
51	0	45
51	0	45
51	0	45
51	0	45
51	0	45
51	0	45
51	0	45
51	0	44
51	0	44
47	0	44
47	0	44
47	0	44
47	0	44
47	0	44
47	0	44
47	0	44
47	0	44
47	0	42
47	0	42
52	0	42
52	0	42
52	0	42
52	0	42
52	0	42
52	0	42
52	0	42
52	0	42
52	0	40
52	0	40
47	0	40
47	0	40
47	0	40
47	0	40
47	0	40
47	0	40
47	0	40
47	0	40
47	0	39
47	0	39
54	0	39
54	0	39
54	0	39
54	0	39
54	0	39
54	0	39
54	0	39
54	0	39
54	0	37
54	0	37
47	0	37
47	0	37
47	0	37
47	0	37
47	0	37
47	0	37
47	0	37
47	0	37
47	0	35
47	0	35
56	0	35
56	0	35
56	0	35
56	0	35
56	0	35
56	0	35
56	0	35
56	0	35
56	0	33
56	0	33
47	0	33
47	0	33
47	0	33
47	0	33
47	0	33
47	0	33
47	0	33
47	0	33
47	0	32
47	0	32
57	0	32
57	0	32
57	0	32
57	0	32
57	0	32
57	0	32
57	0	32
57	0	32
57	0	30
57	0	30
47	0	30
47	0	30
47	0	30
47	0	30
47	0	30
47	0	30
47	0	30
47	0	30
47	0	28
47	0	28
56	0	28
56	0	28
56	0	28
56	0	28
56	0	28
56	0	28
56	0	28
56	0	28
56	0	30
56	0	30
64	0	30
64	0	30
64	0	30
64	0	30
64	0	30
64	0	30
64	0	30
64	0	30
64	0	32
64	0	32
63	0	32
63	0	32
63	0	32
63	0	32
63	0	32
63	0	32
63	0	32
63	0	32
63	0	34
63	0	34
66	0	34
66	55	34
66	55	34
66	55	34
66	55	34
66	55	34
66	55	34
66	55	34
66	55	36
66	55	36
61	55	36
61	56	36
61	56	36
61	56	36
61	56	36
61	56	36
61	56	36
61	56	36
61	56	37
61	56	37
66	56	37
66	58	37
66	58	37
66	58	37
66	58	37
66	58	37
66	58	37
66	58	37
66	58	39
66	58	39
60	58	39
60	59	39
60	59	39
60	59	39
60	59	39
60	59	39
60	59	39
60	59	39
60	59	40
60	59	40
66	59	40
66	56	40
66	56	40
66	56	40
66	56	40
66	56	40
66	56	40
66	56	40
66	56	42
66	56	42
58	56	42
58	58	42
58	58	42
58	58	42
58	58	42
58	58	42
58	58	42
58	58	42
58	58	44
58	58	44
66	58	44
66	56	44
66	56	44
66	56	44
66	56	44
66	56	44
66	56	44
66	56	44
66	56	46
66	56	46
56	56	46
56	58	46
56	58	46
56	58	46
56	58	46
56	58	46
56	58	46
56	58	46
56	58	48
56	58	48
66	58	48
66	59	48
66	59	48
66	59	48
66	59	48
66	59	48
66	59	48
66	59	48
66	59	49
66	59	49
64	59	49
64	61	49
64	61	49
64	61	49
64	61	49
64	61	49
64	61	49
64	61	49
64	61	47
64	61	47
61	61	47
61	58	47
61	58	47
61	58	47
61	58	47
61	58	47
61	58	47
61	58	47
61	58	46
61	58	46
63	58	46
63	59	46
63	59	46
63	59	46
63	59	46
63	59	46
63	59	46
63	59	46
63	59	49
63	59	49
65	59	49
65	59	49
65	59	49
65	59	49
65	59	49
65	59	49
65	59	49
65	59	49
65	59	44
65	59	44
67	59	44
67	61	44
67	61	44
67	61	44
67	61	44
67	61	44
67	61	44
67	61	44
67	61	49
67	61	49
68	61	49
68	59	49
68	59	49
68	59	49
68	59	49
68	59	49
68	59	49
68	59	49
68	59	43
68	59	43
70	59	43
70	58	43
70	58	43
70	58	43
70	58	43
70	58	43
70	58	43
70	58	43
70	58	49
70	58	49
71	58	49
71	56	49
71	56	49
71	56	49
71	56	49
71	56	49
71	56	49
71	56	49
71	56	41
71	56	41
73	56	41
73	61	41
73	61	41
73	61	41
73	61	41
73	61	41
73	61	41
73	61	41
73	61	49
73	61	49
75	61	49
75	61	49
75	61	49
75	61	49
75	61	49
75	61	49
75	61	49
75	61	49
75	61	39
75	61	39
76	61	39
76	61	39
76	61	39
76	61	39
76	61	39
76	61	39
76	61	39
76	61	39
76	61	49
76	61	49
67	61	49
67	61	49
67	61	49
67	61	49
67	61	49
67	61	49
67	61	49
67	61	49
67	61	47
67	61	47
68	61	47
68	61	47
68	61	47
68	61	47
68	61	47
68	61	47
68	61	47
68	61	47
68	61	47
68	61	47
68	61	47
68	61	47
68	61	47
68	61	47
68	61	47
68	61	47
68	61	47
68	61	47
68	61	52
68	61	52
70	61	52
70	61	52
70	61	52
70	61	52
70	61	52
70	61	52
70	61	52
70	61	52
70	61	52
70	61	52
68	61	52
68	59	52
68	59	52
68	59	52
68	59	52
68	59	52
68	59	52
68	59	52
68	59	51
68	59	51
67	59	51
67	58	51
67	58	51
67	58	51
67	58	51
67	58	51
67	58	51
67	58	51
67	58	51
67	58	51
68	58	51
68	61	51
68	61	51
68	61	51
68	61	51
68	61	51
68	61	51
68	61	51
68	61	49
68	61	49
70	61	49
70	56	49
70	56	49
70	56	49
70	56	49
70	56	49
70	56	49
70	56	49
70	56	49
70	56	49
70	56	49
70	61	49
70	61	49
70	61	49
70	61	49
70	61	49
70	61	49
70	61	49
70	61	51
70	61	51
71	61	51
71	55	51
71	55	51
71	55	51
71	55	51
71	55	51
71	55	51
71	55	51
71	55	51
71	55	51
70	55	51
70	61	51
70	61	51
70	61	51
70	61	51
70	61	51
70	61	51
70	61	51
70	61	39
70	61	39
68	61	39
68	53	39
68	53	39
68	53	39
68	53	39
68	53	39
68	53	39
68	53	39
68	53	39
68	53	39
70	53	39
70	61	39
70	61	39
70	61	39
70	61	39
70	61	39
70	61	39
70	61	39
70	61	44
70	61	44
71	61	44
71	51	44
71	51	44
71	51	44
71	51	44
71	51	44
71	51	44
71	51	44
71	51	46
71	51	46
71	51	46
71	61	46
71	61	46
71	61	46
71	61	46
71	61	46
71	61	46
71	61	46
71	61	47
71	61	47
70	61	47
70	59	47
70	59	47
70	59	47
70	59	47
70	59	47
70	59	47
70	59	47
70	59	44
70	59	44
70	59	44
70	59	44
70	59	44
70	59	44
70	59	44
70	59	44
70	59	44
70	59	44
70	59	49
70	59	49
68	59	49
68	58	49
68	58	49
68	58	49
68	58	49
68	58	49
68	58	49
68	58	49
68	58	44
68	58	44
68	58	44
68	59	44
68	59	44
68	59	44
68	59	44
68	59	44
68	59	44
68	59	44
68	59	51
68	59	51
63	59	51
63	61	51
63	61	51
63	61	51
63	61	51
63	61	51
63	61	51
63	61	51
63	61	44
63	61	44
63	61	44
63	59	44
63	59	44
63	59	44
63	59	44
63	59	44
63	59	44
63	59	44
63	59	53
63	59	53
73	59	53
73	58	53
73	58	53
73	58	53
73	58	53
73	58	53
73	58	53
73	58	53
73	58	44
73	58	44
73	58	44
73	58	44
73	58	44
73	58	44
73	58	44
73	58	44
73	58	44
73	58	44
73	58	55
73	58	55
73	58	55
73	56	55
73	56	55
73	56	55
73	56	55
73	56	55
73	56	55
73	56	55
73	56	44
73	56	44
73	56	44
73	58	44
73	58	44
73	58	44
73	58	44
73	58	44
73	58	44
73	58	44
73	58	56
73	58	56
71	58	56
71	59	56
71	59	56
71	59	56
71	59	56
71	59	56
71	59	56
71	59	56
71	59	56
71	59	56
71	59	56
71	58	56
71	58	56
71	58	56
71	58	56
71	58	56
71	58	56
71	58	56
71	58	0
71	58	0
70	58	0
70	56	0
70	56	0
70	56	0
70	56	0
70	56	0
70	56	0
70	56	0
70	56	0
70	56	0
70	56	0
70	56	0
70	56	0
70	56	0
70	56	0
70	56	0
70	56	0
70	56	0
70	56	0
70	56	0
68	56	0
68	58	0
68	58	0
68	58	0
68	58	0
68	58	0
68	58	0
68	58	0
68	58	0
68	58	0
68	58	0
68	58	0
68	58	0
68	58	0
68	58	0
68	58	0
68	58	0
68	58	0
68	58	0
68	58	0
67	58	0
67	59	0
67	59	0
67	59	0
67	59	0
67	59	0
67	59	0
67	59	0
67	59	0
67	59	0
67	59	0
67	59	0
67	59	0
67	59	0
67	59	0
67	59	0
67	59	0
67	59	0
67	59	0
67	59	0
76	59	0
76	64	0
76	64	0
76	64	0
76	64	0
76	64	0
76	64	0
76	64	0
76	64	0
76	64	0
76	64	0
76	64	0
76	64	0
76	64	0
76	64	0
76	64	0
76	64	0
76	64	0
76	64	0
76	64	0
76	64	0
76	55	0
76	55	0
76	55	0
76	55	0
76	55	0
76	55	0
76	55	0
76	55	0
76	55	0
76	55	0
76	55	0
76	55	0
76	55	0
76	55	0
76	55	0
76	55	0
76	55	0
76	55	0
76	55	0
75	55	0
75	55	0
75	55	0
75	55	0
75	55	0
75	55	0
75	55	0
75	55	0
75	55	0
75	55	0
75	55	0
75	55	0
75	55	0
75	55	0
75	55	0
75	55	0
75	55	0
75	55	0
75	55	0
75	55	0
76	55	0
76	56	0
76	56	0
76	56	0
76	56	0
76	56	0
76	56	0
76	56	0
76	56	0
76	56	0
75	56	0
75	56	0
75	56	0
75	56	0
75	56	0
75	56	0
75	56	0
75	56	0
75	56	0
75	56	0
73	56	0
73	58	0
73	58	0
73	58	0
73	58	0
73	58	0
73	58	0
73	58	0
73	58	0
73	58	0
71	58	0
71	58	0
71	58	0
71	58	0
71	58	0
71	58	0
71	58	0
71	58	0
71	58	0
71	58	0
70	58	0
70	59	0
70	59	0
70	59	0
70	59	0
70	59	0
70	59	0
70	59	0
70	59	0
70	59	0
70	59	0
70	59	0
70	59	0
70	59	0
70	59	0
70	59	0
70	59	0
70	59	0
70	59	0
70	59	0
73	59	0
73	61	0
73	61	0
73	61	0
73	61	0
73	61	0
73	61	0
73	61	0
73	61	0
73	61	0
71	61	0
71	61	0
71	61	0
71	61	0
71	61	0
71	61	0
71	61	0
71	61	0
71	61	0
71	61	0
70	61	0
70	51	0
70	51	0
70	51	0
70	51	0
70	51	0
70	51	0
70	51	0
70	51	0
70	51	0
68	51	0
68	51	0
68	51	0
68	51	0
68	51	0
68	51	0
68	51	0
68	51	0
68	51	0
68	51	0
67	51	0
67	51	0
67	51	0
67	51	0
67	51	0
67	51	0
67	51	0
67	51	0
67	51	0
67	51	0
67	51	0
67	51	0
67	51	0
67	51	0
67	51	0
67	51	0
67	51	0
67	51	0
67	51	0
67	51	0
73	51	0
73	52	0
73	52	0
73	52	0
73	52	0
73	52	0
73	52	0
73	52	0
73	52	0
73	52	0
73	52	0
73	51	0
73	51	0
73	51	0
73	51	0
73	51	0
73	51	0
73	51	0
73	51	0
73	51	0
71	51	0
71	49	0
71	49	0
71	49	0
71	49	0
71	49	0
71	49	0
71	49	0
71	49	0
71	49	0
71	49	0
71	51	0
71	51	0
71	51	0
71	51	0
71	51	0
71	51	0
71	51	0
71	51	0
71	51	0
70	51	0
70	52	0
70	52	0
70	52	0
70	52	0
70	52	0
70	52	0
70	52	0
70	52	0
70	52	0
70	52	0
70	54	0
70	54	0
70	54	0
70	54	0
70	54	0
70	54	0
70	54	0
70	54	0
70	54	0
68	54	0
68	56	0
68	56	0
68	56	0
68	56	0
68	56	0
68	56	0
68	56	0
68	56	0
68	56	0
68	56	0
68	55	0
68	55	0
68	55	0
68	55	0
68	55	0
68	55	0
68	55	0
68	55	0
68	55	0
67	55	0
67	56	0
67	56	0
67	56	0
67	56	0
67	56	0
67	56	0
67	56	0
67	56	0
67	56	0
67	56	0
67	58	0
67	58	0
67	58	0
67	58	0
67	58	0
67	58	0
67	58	0
67	58	0
67	58	0
68	58	0
68	59	0
68	59	0
68	59	0
68	59	0
68	59	0
68	59	0
68	59	0
68	59	0
68	59	0
68	59	0
68	61	0
68	61	0
68	61	0
68	61	0
68	61	0
68	61	0
68	61	0
68	61	0
68	61	0
66	61	0
66	63	0
66	63	0
66	63	0
66	63	0
66	63	0
66	63	0
66	63	0
66	63	0
66	63	0
66	63	0
66	63	0
66	63	0
66	63	0
66	63	0
66	63	0
66	63	0
66	63	0
66	63	0
66	63	0
64	63	0
64	63	0
64	63	0
64	63	0
64	63	0
64	63	0
64	63	0
64	63	0
64	63	0
64	63	0
64	63	0
64	63	0
64	63	0
64	63	0
64	63	0
64	63	0
64	63	0
64	63	0
64	63	0
64	63	0
66	63	0
66	63	0
66	63	0
66	63	0
66	63	0
66	63	0
66	63	0
66	63	0
66	63	0
66	63	0
66	63	0
66	63	0
66	63	0
66	63	0
66	63	0
66	63	0
66	63	0
66	63	0
66	63	0
66	63	0
64	63	0
64	63	0
64	63	0
64	63	0
64	63	0
64	63	0
64	63	0
64	63	0
64	63	0
64	63	0
64	63	0
64	63	0
64	63	0
64	63	0
64	63	0
64	63	0
64	63	0
64	63	0
64	63	0
64	63	0
63	63	0
63	64	0
63	64	0
63	64	0
63	64	0
63	64	0
63	64	0
63	64	0
63	64	0
63	64	0
63	64	0
63	64	0
63	64	0
63	64	0
63	64	0
63	64	0
63	64	0
63	64	0
63	64	0
63	64	0
64	64	0
64	58	0
64	58	0
64	58	0
64	58	0
64	58	0
64	58	0
64	58	0
64	58	0
64	58	0
76	58	0
76	58	0
76	58	0
76	58	0
76	58	0
76	58	0
76	58	0
76	58	0
76	58	0
76	58	0
75	58	0
75	56	0
75	56	0
75	56	0
75	56	0
75	56	0
75	56	0
75	56	0
75	56	0
75	56	0
73	56	0
73	58	0
73	58	0
73	58	0
73	58	0
73	58	0
73	58	0
73	58	0
73	58	0
73	58	0
71	58	0
71	59	0
71	59	0
71	59	0
71	59	0
71	59	0
71	59	0
71	59	0
71	59	0
71	59	0
75	59	0
75	59	0
75	59	0
75	59	0
75	59	0
75	59	0
75	59	0
75	59	0
75	59	0
75	59	0
73	59	0
73	59	0
73	59	0
73	59	0
73	59	0
73	59	0
73	59	0
73	59	0
73	59	0
73	59	0
75	59	0
75	59	0
75	59	0
75	59	0
75	59	0
75	59	0
75	59	0
75	59	0
75	59	0
75	59	0
73	59	0
73	59	0
73	59	0
73	59	0
73	59	0
73	59	0
73	59	0
73	59	0
73	59	0
73	59	0
71	59	0
71	58	0
71	58	0
71	58	0
71	58	0
71	58	0
71	58	0
71	58	0
71	58	0
71	58	0
70	58	0
70	56	0
70	56	0
70	56	0
70	56	0
70	56	0
70	56	0
70	56	0
70	56	0
70	56	0
73	56	0
73	54	0
73	54	0
73	54	0
73	54	0
73	54	0
73	54	0
73	54	0
73	54	0
73	54	0
71	54	0
71	53	0
71	53	0
71	53	0
71	53	0
71	53	0
71	53	0
71	53	0
71	53	0
71	53	0
73	53	0
73	56	0
73	56	0
73	56	0
73	56	0
73	56	0
73	56	0
73	56	0
73	56	0
73	56	0
71	56	0
71	54	0
71	54	0
71	54	0
71	54	0
71	54	0
71	54	0
71	54	0
71	54	0
71	54	0
70	54	0
70	56	0
70	56	0
70	56	0
70	56	0
70	56	0
70	56	0
70	56	0
70	56	0
70	56	0
68	56	0
68	58	0
68	58	0
68	58	0
68	58	0
68	58	0
68	58	0
68	58	0
68	58	0
68	58	0
71	58	0
71	58	0
71	58	0
71	58	0
71	58	0
71	58	0
71	58	0
71	58	0
71	58	0
71	58	0
70	58	0
70	58	0
70	58	0
70	58	0
70	58	0
70	58	0
70	58	0
70	58	0
70	58	0
70	58	0
71	58	0
71	58	0
71	58	0
71	58	0
71	58	0
71	58	0
71	58	0
71	58	0
71	58	0
71	58	0
70	58	0
70	58	0
70	58	0
70	58	0
70	58	0
70	58	0
70	58	0
70	58	0
70	58	0
70	58	0
68	58	0
68	56	0
68	56	0
68	56	0
68	56	0
68	56	0
68	56	0
68	56	0
68	56	0
68	56	0
67	56	0
67	54	0
67	54	0
67	54	0
67	54	0
67	54	0
67	54	0
67	54	0
67	54	0
67	54	0
70	54	0
70	53	0
70	53	0
70	53	0
70	53	0
70	53	0
70	53	0
70	53	0
70	53	0
70	53	0
68	53	0
68	51	0
68	51	0
68	51	0
68	51	0
68	51	0
68	51	0
68	51	0
68	51	0
68	51	0
68	51	0
68	54	0
68	54	0
68	54	0
68	54	0
68	54	0
68	54	0
68	54	0
68	54	0
68	54	0
70	54	0
70	53	0
70	53	0
70	53	0
70	53	0
70	53	0
70	53	0
70	53	0
70	53	0
70	53	0
71	53	0
71	54	0
71	54	0
71	54	0
71	54	0
71	54	0
71	54	0
71	54	0
71	54	0
71	54	0
73	54	0
73	56	0
73	56	0
73	56	0
73	56	0
73	56	0
73	56	0
73	56	0
73	56	0
73	56	0
73	56	0
73	56	0
73	56	0
73	56	0
73	56	0
73	56	0
73	56	0
73	56	0
73	56	0
73	56	0
73	56	0
73	56	0
73	56	0
73	56	0
73	56	0
73	56	0
73	56	0
73	56	0
73	56	0
73	56	0
73	56	0
73	56	0
73	56	0
73	56	0
73	56	0
73	56	0
73	56	0
73	56	0
73	56	0
73	56	0
71	56	0
71	56	0
71	56	0
71	56	0
71	56	0
71	56	0
71	56	0
71	56	0
71	56	0
71	56	0
73	56	0
73	54	0
73	54	0
73	54	0
73	54	0
73	54	0
73	54	0
73	54	0
73	54	0
73	54	0
75	54	0
75	53	0
75	53	0
75	53	0
75	53	0
75	53	0
75	53	0
75	53	0
75	53	0
75	53	0
75	53	0
75	51	0
75	51	0
75	51	0
75	51	0
75	51	0
75	51	0
75	51	0
75	51	0
75	51	0
75	51	0
75	50	0
75	50	0
75	50	0
75	50	0
75	50	0
75	50	0
75	50	0
75	50	39
75	50	39
75	50	39
75	53	39
75	53	39
75	53	41
75	53	41
75	53	41
75	53	41
75	53	41
75	53	43
75	53	43
73	53	43
73	51	43
73	51	43
73	51	43
73	51	43
73	51	43
73	51	43
73	51	43
73	51	39
73	51	39
73	51	39
73	51	39
73	51	39
73	51	39
73	51	39
73	51	39
73	51	39
73	51	39
73	51	44
73	51	44
71	51	44
71	0	44
71	0	44
71	0	44
71	0	44
71	0	44
71	0	44
71	0	44
71	0	39
71	0	39
71	0	39
71	0	39
71	0	39
71	0	39
71	0	39
71	0	39
71	0	39
71	0	39
71	0	46
71	0	46
70	0	46
70	0	46
70	0	46
70	0	46
70	0	46
70	0	46
70	0	46
70	0	46
70	0	39
70	0	39
71	0	39
71	0	39
71	0	39
71	0	39
71	0	39
71	0	39
71	0	39
71	0	39
71	0	47
71	0	47
73	0	47
73	0	47
73	0	47
73	0	47
73	0	47
73	0	47
73	0	47
73	0	47
73	0	39
73	0	39
73	0	39
73	0	39
73	0	39
73	0	39
73	0	39
73	0	39
73	0	39
73	0	39
73	0	49
73	0	49
67	0	49
67	0	49
67	0	49
67	0	49
67	0	49
67	0	49
67	0	49
67	0	49
67	0	39
67	0	39
67	0	39
67	0	39
67	0	39
67	0	39
67	0	39
67	0	39
67	0	39
67	0	39
67	0	47
67	0	47
68	0	47
68	0	47
68	0	47
68	0	47
68	0	47
68	0	47
68	0	47
68	0	47
68	0	46
68	0	46
68	0	46
68	0	46
68	0	46
68	0	46
68	0	46
68	0	46
68	0	46
68	0	46
68	0	44
68	0	44
68	0	44
68	0	44
68	0	44
68	0	44
68	0	44
68	0	44
68	0	44
68	0	44
68	0	47
68	0	47
68	0	47
68	0	47
68	0	47
68	0	47
68	0	47
68	0	47
68	0	47
68	0	47
68	0	42
68	0	42
63	0	42
63	0	42
63	0	42
63	0	42
63	0	42
63	0	42
63	0	42
63	0	42
63	0	47
63	0	47
63	0	47
63	0	47
63	0	47
63	0	47
63	0	47
63	0	47
63	0	47
63	0	47
63	0	41
63	0	41
61	0	41
61	0	41
61	0	41
61	0	41
61	0	41
61	0	41
61	0	41
61	0	41
61	0	47
61	0	47
61	0	47
61	0	47
61	0	47
61	0	47
61	0	47
61	0	47
61	0	47
61	0	47
61	0	39
61	0	39
61	0	39
61	0	39
61	0	39
61	0	39
61	0	39
61	0	39
61	0	39
61	0	39
61	0	47
61	0	47
61	0	47
61	0	47
61	0	47
61	0	47
61	0	47
61	0	47
61	0	47
61	0	47
61	0	37
61	0	37
61	0	37
61	0	37
61	0	37
61	0	37
61	0	37
61	0	37
61	0	37
61	0	37
61	0	47
61	0	47
61	0	47
61	0	47
61	0	47
61	0	47
61	0	47
61	0	47
61	0	47
61	0	47
61	0	46
61	0	46
61	0	46
61	0	46
61	0	46
61	0	46
61	0	46
61	0	46
61	0	46
61	0	46
61	0	44
61	0	44
61	0	44
61	0	44
61	0	44
61	0	44
61	0	44
61	0	44
61	0	44
61	0	44
61	0	42
61	0	42
61	0	42
61	0	42
61	0	42
61	0	42
61	0	42
61	0	42
61	0	42
61	0	42
61	0	46
61	0	46
61	0	46
61	0	46
61	0	46
61	0	46
61	0	46
61	0	46
61	0	46
61	0	46
0	0	41
0	0	41
61	0	41
61	0	41
61	0	41
61	0	41
61	0	41
61	0	41
61	0	41
61	0	41
61	0	46
61	0	46
61	0	46
61	0	46
61	0	46
61	0	46
61	0	46
61	0	46
61	0	46
61	0	46
61	0	39
61	0	39
59	0	39
59	0	39
59	0	39
59	0	39
59	0	39
59	0	39
59	0	39
59	0	39
59	0	46
59	0	46
59	0	46
59	0	46
59	0	46
59	0	46
59	0	46
59	0	46
59	0	46
59	0	46
59	0	37
59	0	37
59	0	37
59	0	37
59	0	37
59	0	37
59	0	37
59	0	37
59	0	37
59	0	37
59	0	46
59	0	46
59	0	46
59	0	46
59	0	46
59	0	46
59	0	46
59	0	46
59	0	46
59	0	46
59	0	35
59	0	35
59	0	35
59	0	35
59	0	35
59	0	35
59	0	35
59	0	35
59	0	35
59	0	35
59	0	46
59	0	46
59	0	46
59	0	46
59	0	46
59	0	46
59	0	46
59	0	46
59	0	46
59	0	46
59	0	44
59	0	44
59	0	44
59	0	44
59	0	44
59	0	44
59	0	44
59	0	44
59	0	44
59	0	44
59	0	42
59	0	42
59	0	42
59	0	42
59	0	42
59	0	42
59	0	42
59	0	42
59	0	42
59	0	42
59	0	41
59	0	41
59	0	41
59	0	41
59	0	41
59	0	41
59	0	41
59	0	41
59	0	41
59	0	41
59	0	44
59	0	44
59	0	44
59	0	44
59	0	44
59	0	44
59	0	44
59	0	44
59	0	44
59	0	44
59	0	39
0	0	39
0	0	39
59	0	39
59	0	39
59	0	39
59	0	39
59	0	39
59	0	39
59	0	39
59	0	44
59	0	44
59	0	44
59	0	44
59	0	44
59	0	44
59	0	44
59	0	44
59	0	44
59	0	44
59	0	38
59	0	38
59	0	38
58	0	38
58	0	38
58	0	38
58	0	38
58	0	38
58	0	38
58	0	38
58	0	44
58	0	44
58	0	44
58	0	44
58	0	44
58	0	44
58	0	44
58	0	44
58	0	44
58	0	44
58	0	36
58	0	36
58	0	36
58	0	36
58	0	36
58	0	36
58	0	36
58	0	36
58	0	36
58	0	36
58	0	44
58	0	44
58	0	44
58	0	44
58	0	44
58	0	44
58	0	44
58	0	44
58	0	44
58	0	44
58	0	34
58	0	34
58	0	34
58	0	34
58	0	34
58	0	34
58	0	34
58	0	34
58	0	34
58	0	34
58	0	44
58	0	44
58	0	44
58	0	44
58	0	44
58	0	44
58	0	44
58	0	44
58	0	44
58	0	44
58	0	42
58	0	42
58	0	42
58	0	42
58	0	42
58	0	42
58	0	42
58	0	42
58	0	42
58	0	42
58	0	46
58	0	46
58	0	46
63	0	46
63	0	46
63	0	46
63	0	46
63	0	46
63	0	46
63	0	46
63	0	44
63	0	44
63	0	44
65	0	44
65	0	44
65	0	44
65	0	44
65	0	44
65	0	44
65	0	44
65	0	42
65	0	42
65	0	42
63	0	42
63	0	42
63	0	42
63	0	42
63	0	42
63	0	42
63	0	42
63	0	41
63	0	41
63	0	41
62	0	41
62	0	41
62	0	41
62	0	41
62	0	41
62	0	41
62	0	41
62	0	39
62	0	39
62	0	39
63	0	39
63	0	39
63	0	39
63	0	39
63	0	39
63	0	39
63	0	39
63	0	38
63	0	38
63	0	38
65	0	38
65	0	38
65	0	38
65	0	38
65	0	38
65	0	38
65	0	38
65	0	41
65	0	41
65	0	41
65	0	41
65	0	41
65	0	41
65	0	41
65	0	41
65	0	41
65	0	41
65	0	39
65	0	39
65	0	39
66	0	39
66	0	39
66	0	39
66	0	39
66	0	39
66	0	39
66	0	39
66	0	38
66	0	38
66	0	38
65	0	38
65	0	38
65	0	38
65	0	38
65	0	38
65	0	38
65	0	38
65	0	36
65	0	36
65	0	36
63	0	36
63	0	36
63	0	36
63	0	36
63	0	36
63	0	36
63	0	36
63	0	34
63	0	34
63	0	34
65	0	34
65	0	34
65	0	34
65	0	34
65	0	34
65	0	34
65	0	34
65	0	39
65	0	39
65	0	39
66	0	39
66	0	39
66	0	39
66	0	39
66	0	39
66	0	39
66	0	39
66	0	39
66	0	39
66	0	39
66	0	39
66	0	39
66	0	39
66	0	39
66	0	39
66	0	39
66	0	39
66	0	41
66	0	41
66	0	41
65	0	41
65	0	41
65	0	41
65	0	41
65	0	41
65	0	41
65	0	41
65	0	39
65	0	39
65	0	39
65	53	39
65	53	39
65	53	39
65	53	39
65	53	39
65	53	39
65	53	39
65	53	38
65	53	38
65	53	38
63	54	38
63	54	38
63	54	38
63	54	38
63	54	38
63	54	38
63	54	38
63	54	39
63	54	39
63	54	39
63	51	39
63	51	39
63	51	39
63	51	39
63	51	39
63	51	39
63	51	39
63	51	41
63	51	41
63	51	41
62	56	41
62	56	41
62	56	41
62	56	41
62	56	41
62	56	41
62	56	41
62	56	41
62	56	41
62	56	41
62	51	41
62	51	41
62	51	41
62	51	41
62	51	41
62	51	41
62	51	41
62	51	42
62	51	42
62	51	42
71	58	42
71	58	42
71	58	42
71	58	42
71	58	42
71	58	42
71	58	42
71	58	41
71	58	41
71	58	41
71	51	41
71	51	41
71	51	41
71	51	41
71	51	41
71	51	41
71	51	41
71	51	39
71	51	39
71	51	39
71	60	39
71	60	39
71	60	39
71	60	39
71	60	39
71	60	39
71	60	39
71	60	41
71	60	41
71	60	41
71	51	41
71	51	41
71	51	41
71	51	41
71	51	41
71	51	41
71	51	41
71	51	42
71	51	42
71	51	42
70	61	42
70	61	42
70	61	42
70	61	42
70	61	42
70	61	42
70	61	42
70	61	42
70	61	42
70	61	42
70	51	42
70	51	42
70	51	42
70	51	42
70	51	42
70	51	42
70	51	42
70	51	41
70	51	41
70	51	41
71	60	41
71	60	41
71	60	41
71	60	41
71	60	41
71	60	41
71	60	41
71	60	41
71	60	41
71	60	41
70	60	41
70	60	41
70	60	41
70	60	41
70	60	41
70	60	41
70	60	41
70	60	39
70	60	39
70	60	39
68	56	39
68	56	39
68	56	39
68	56	39
68	56	39
68	56	39
68	56	39
68	56	39
68	56	39
68	56	39
66	56	39
66	56	39
66	56	39
66	56	39
66	56	39
66	56	39
66	56	39
66	56	38
66	56	38
66	56	38
65	58	38
65	58	38
65	58	38
65	58	38
65	58	38
65	58	38
65	58	38
65	58	38
65	58	38
65	58	38
65	58	38
65	58	38
65	58	38
65	58	38
65	58	38
65	58	38
65	58	38
65	58	47
65	58	47
65	58	47
68	60	47
68	60	47
68	60	47
68	60	47
68	60	47
68	60	47
68	60	47
68	60	47
68	60	47
68	60	47
66	60	47
66	60	47
66	60	47
66	60	47
66	60	47
66	60	47
66	60	47
66	60	47
66	60	47
66	60	47
65	61	47
65	61	47
65	61	47
65	61	47
65	61	47
65	61	47
65	61	47
65	61	47
65	61	47
65	61	47
63	61	47
63	61	47
63	61	47
63	61	47
63	61	47
63	61	47
63	61	47
63	61	46
63	61	46
63	61	46
62	63	46
62	63	46
62	63	46
62	63	46
62	63	46
62	63	46
62	63	46
62	63	48
62	63	48
62	63	48
63	63	48
63	63	48
63	63	48
63	63	48
63	63	48
63	63	48
63	63	48
63	63	50
63	63	50
63	63	50
65	56	50
65	56	50
65	56	50
65	56	50
65	56	50
65	56	50
65	56	50
65	56	46
65	56	46
65	56	46
62	56	46
62	56	46
62	56	46
62	56	46
62	56	46
62	56	46
62	56	46
62	56	51
62	56	51
62	56	51
66	56	51
66	56	51
66	56	51
66	56	51
66	56	51
66	56	51
66	56	51
66	56	46
66	56	46
66	56	46
62	54	46
62	54	46
62	54	46
62	54	46
62	54	46
62	54	46
62	54	46
62	54	53
62	54	53
62	54	53
68	53	53
68	53	53
68	53	53
68	53	53
68	53	53
68	53	53
68	53	53
68	53	46
68	53	46
68	53	46
62	51	46
62	51	46
62	51	46
62	51	46
62	51	46
62	51	46
62	51	46
62	51	54
62	51	54
62	51	54
70	49	54
70	49	54
70	49	54
70	49	54
70	49	54
70	49	54
70	49	54
70	49	46
70	49	46
70	49	46
62	51	46
62	51	46
62	51	46
62	51	46
62	51	46
62	51	46
62	51	46
62	51	56
62	51	56
62	51	56
71	49	56
71	49	56
71	49	56
71	49	56
71	49	56
71	49	56
71	49	56
71	49	46
71	49	46
71	49	46
62	47	46
62	47	46
62	47	46
62	47	46
62	47	46
62	47	46
62	47	46
62	47	54
62	47	54
62	47	54
70	46	54
70	46	54
70	46	54
70	46	54
70	46	54
70	46	54
70	46	54
70	46	46
70	46	46
70	46	46
62	44	46
62	44	46
62	44	46
62	44	46
62	44	46
62	44	46
62	44	46
62	44	47
62	44	47
62	44	47
63	0	47
63	0	47
63	0	47
63	0	47
63	0	47
63	0	47
63	0	47
63	0	54
63	0	54
63	0	54
70	0	54
70	0	54
70	0	54
70	0	54
70	0	54
70	0	54
70	0	54
70	0	53
70	0	53
70	0	53
68	0	53
68	0	53
68	0	51
68	0	51
68	0	51
66	0	51
66	0	51
66	0	50
66	0	50
66	0	50
65	0	50
65	0	50
65	0	51
65	0	51
65	0	51
66	0	51
66	0	51
66	0	53
66	0	53
66	0	53
68	0	53
68	0	53
68	0	53
68	0	53
68	0	53
68	0	53
68	0	53
68	0	44
68	0	44
68	0	44
60	0	44
60	0	44
60	0	44
60	0	44
60	0	44
60	0	44
60	0	44
60	0	46
60	0	46
60	0	46
61	0	46
61	0	46
61	0	46
61	0	46
61	0	46
61	0	46
61	0	46
61	0	53
61	0	53
61	0	53
68	0	53
68	0	53
68	0	53
68	0	53
68	0	53
68	0	53
68	0	53
68	0	51
68	0	51
68	0	51
66	0	51
66	0	51
66	0	49
66	0	49
66	0	49
65	0	49
65	0	49
65	0	48
65	0	48
65	0	48
63	0	48
63	0	48
63	0	49
63	0	49
63	0	49
65	0	49
65	0	49
65	0	51
65	0	51
65	0	51
66	0	51
66	0	51
66	0	51
66	0	51
66	0	51
66	0	51
66	0	51
66	0	51
66	0	51
66	0	51
66	0	51
66	0	51
66	0	51
66	0	51
66	0	51
66	0	51
66	0	51
66	0	0
66	0	0
66	0	0
66	0	0
66	0	0
66	0	0
66	0	0
66	0	0
66	0	0
66	0	0
66	0	0
66	0	0
66	0	0
66	0	0
66	0	0
66	0	0
66	0	0
66	0	0
66	0	0
66	0	0
66	0	0
66	0	0
66	0	0
66	0	0
66	0	0
66	0	0
66	0	0
66	0	0
66	0	0
66	0	0
66	0	0
66	0	0
66	0	0
66	0	0
66	0	0
66	0	0
66	0	0
66	0	0
66	0	0
66	0	0
66	0	0
66	0	0
66	0	0
66	0	0
66	0	0
66	0	0
66	0	0
66	0	0
66	0	0
66	0	0
66	0	0
66	0	0
66	0	0
66	0	0
66	0	0
66	0	0
66	0	0
66	0	0
66	0	0
66	0	0
66	0	0
66	0	0
66	0	0
66	0	0
66	0	0
66	0	0
66	0	0
66	0	0
66	0	0
66	0	0
66	0	0
66	0	0
66	0	0
66	0	0
66	0	0
66	0	0
66	0	0
66	0	0
66	0	0
66	0	0
66	0	39
66	0	39
66	0	39
66	44	39
66	44	39
66	44	39
66	44	39
66	44	39
66	44	39
66	44	39
66	44	39
66	44	39
66	44	39
66	42	39
66	42	39
66	42	39
66	42	39
66	42	39
66	42	39
66	42	39
66	42	44
66	42	44
66	42	44
66	41	44
66	41	44
66	41	44
66	41	44
66	41	44
66	41	44
66	41	44
66	41	46
66	41	46
66	41	46
66	42	46
66	42	46
66	42	46
66	42	46
66	42	46
66	42	46
66	42	46
66	42	48
66	42	48
66	42	48
66	44	48
66	44	48
66	44	48
66	44	48
66	44	48
66	44	48
66	44	48
66	44	44
66	44	44
66	44	44
66	44	44
66	44	44
66	44	44
66	44	44
66	44	44
66	44	44
66	44	44
66	44	49
66	44	49
66	44	49
66	46	49
66	46	49
66	46	49
66	46	49
66	46	49
66	46	49
66	46	49
66	46	44
66	46	44
66	46	44
66	44	44
66	44	44
66	44	44
66	44	44
66	44	44
66	44	44
66	44	44
66	44	51
66	44	51
66	44	51
66	42	51
66	42	51
66	42	51
66	42	51
66	42	51
66	42	51
66	42	51
66	42	44
66	42	44
66	42	44
66	44	44
66	44	44
66	44	44
66	44	44
66	44	44
66	44	44
66	44	44
66	44	53
66	44	53
66	44	53
66	46	53
66	46	53
66	46	53
66	46	53
66	46	53
66	46	53
66	46	53
66	46	44
66	46	44
66	46	44
66	46	44
66	46	44
66	46	44
66	46	44
66	46	44
66	46	44
66	46	44
66	46	54
66	46	54
66	46	54
66	44	54
66	44	54
66	44	54
66	44	54
66	44	54
66	44	54
66	44	54
66	44	44
66	44	44
66	44	44
66	44	44
66	44	44
66	44	44
66	44	44
66	44	44
66	44	44
66	44	44
66	44	53
66	44	53
66	44	53
66	42	53
66	42	53
66	42	53
66	42	53
66	42	53
66	42	53
66	42	53
66	42	53
66	42	53
66	42	53
58	42	53
58	42	53
58	42	53
58	42	53
58	42	53
60	42	53
60	42	53
60	42	0
60	42	0
60	42	0
61	41	0
61	41	0
61	41	0
61	41	0
61	41	0
61	41	0
61	41	0
61	41	0
61	41	0
61	41	0
56	41	0
56	41	0
56	41	0
56	41	0
56	41	0
56	41	0
56	41	0
56	41	0
56	41	0
56	41	0
63	51	0
63	51	0
63	51	0
63	51	0
63	51	0
63	51	0
63	51	0
63	51	0
63	51	0
63	51	0
56	51	0
56	51	0
56	51	0
56	51	0
56	51	0
56	51	0
56	51	0
56	51	0
56	51	0
56	51	0
65	51	0
65	51	0
65	51	0
65	51	0
65	51	0
65	51	0
65	51	0
65	51	0
65	51	0
65	51	0
56	51	0
56	51	0
56	51	0
56	51	0
56	51	0
56	51	0
56	51	0
56	51	0
56	51	0
56	51	0
66	49	0
66	49	0
66	49	0
66	49	0
66	49	0
66	49	0
66	49	0
66	49	0
66	49	0
66	49	0
58	49	0
58	49	0
58	49	0
58	49	0
58	49	0
58	49	0
58	49	0
58	49	41
58	49	41
58	49	41
68	51	41
68	51	41
68	51	41
68	51	41
68	51	41
68	51	41
68	51	41
68	51	41
68	51	41
68	51	41
59	49	41
59	49	41
59	49	41
59	49	41
59	49	41
59	49	41
59	49	41
59	49	42
59	49	42
59	49	42
58	47	42
58	47	42
58	47	42
58	47	42
58	47	42
58	47	42
58	47	42
58	47	42
58	47	42
58	47	42
59	46	42
59	46	42
59	46	42
59	46	42
59	46	42
61	46	42
61	46	42
61	46	42
61	46	42
61	46	42
63	44	42
63	44	42
63	44	42
63	44	42
63	44	42
63	44	42
63	44	42
63	44	44
63	44	44
63	44	44
58	44	44
58	44	44
58	44	44
58	44	44
58	44	44
58	44	44
58	44	44
58	44	42
58	44	42
58	44	42
65	47	42
65	47	42
65	47	42
65	47	42
65	47	42
65	47	42
65	47	42
65	47	41
65	47	41
65	47	41
58	46	41
58	46	41
58	46	41
58	46	41
58	46	41
58	46	41
58	46	41
58	46	39
58	46	39
58	46	39
66	44	39
66	44	39
66	44	39
66	44	39
66	44	39
66	44	39
66	44	39
66	44	41
66	44	41
66	44	41
58	42	41
58	42	41
58	42	41
58	42	41
58	42	41
58	42	41
58	42	41
58	42	39
58	42	39
58	42	39
68	41	39
68	41	39
68	41	39
68	41	39
68	41	39
68	41	39
68	41	39
68	41	37
68	41	37
68	41	37
59	41	37
59	41	37
59	41	37
59	41	37
59	41	37
59	41	37
59	41	37
59	41	35
59	41	35
59	41	35
70	41	35
70	41	35
70	41	35
70	41	35
70	41	35
70	41	35
70	41	35
70	41	34
70	41	34
70	41	34
61	41	34
61	41	34
61	41	34
61	41	34
61	41	34
61	41	34
61	41	34
61	41	32
61	41	32
61	41	32
59	42	32
59	42	32
59	42	32
59	42	32
59	42	32
59	42	32
59	42	32
59	42	32
59	42	32
59	42	32
58	42	32
58	42	32
58	42	32
58	42	32
58	42	32
58	42	32
58	42	32
58	42	42
58	42	42
58	42	42
59	42	42
59	42	42
59	42	42
59	42	42
59	42	42
59	42	42
59	42	42
59	42	42
59	42	42
59	42	42
63	47	42
63	47	42
63	47	42
63	47	42
63	47	42
63	46	42
63	46	42
63	46	41
63	46	41
63	46	41
68	44	41
68	44	41
68	44	41
68	44	41
68	44	41
68	44	41
68	44	41
68	44	41
68	44	41
68	44	41
59	47	41
59	47	41
59	47	41
59	47	41
59	47	41
59	47	41
59	47	41
59	47	42
59	47	42
59	47	42
58	42	42
58	42	42
58	42	42
58	42	42
58	42	42
58	42	42
58	42	42
58	42	42
58	42	42
58	42	42
63	47	42
63	47	42
63	47	42
63	47	42
63	47	42
63	47	42
63	47	42
63	47	0
63	47	0
63	47	0
61	41	0
61	41	0
61	41	0
61	41	0
61	41	0
61	41	0
61	41	0
61	41	0
61	41	0
61	41	0
65	47	0
65	47	0
65	47	0
65	47	0
65	47	0
65	47	0
65	47	0
65	47	39
65	47	39
65	47	39
66	39	39
66	39	39
66	39	39
66	39	39
66	39	39
66	39	39
66	39	39
66	39	39
66	39	39
66	39	39
66	47	39
66	47	39
66	47	39
66	47	39
66	47	39
66	47	39
66	47	39
66	47	35
66	47	35
66	47	35
66	37	35
66	37	35
66	37	35
66	37	35
66	37	35
66	37	35
66	37	35
66	37	35
66	37	35
66	37	35
66	47	35
66	47	35
66	47	35
66	47	35
66	47	35
66	47	35
66	47	35
66	47	37
66	47	37
66	47	37
65	46	37
65	46	37
65	46	37
65	46	37
65	46	37
65	46	37
65	46	37
65	46	37
65	46	37
65	46	37
65	47	37
65	47	37
65	47	37
65	47	37
65	47	37
65	47	37
65	47	37
65	47	37
65	47	37
65	47	37
65	49	37
65	49	37
65	49	37
65	49	37
65	49	37
65	49	37
65	49	37
65	49	37
65	49	37
65	49	37
65	49	37
65	49	37
65	49	37
65	49	37
65	49	37
65	49	37
65	49	37
65	49	42
65	49	42
65	49	42
66	49	42
66	49	42
66	49	42
66	49	42
66	49	42
66	49	42
66	49	42
66	49	42
66	49	42
66	49	42
66	49	42
66	49	42
66	49	42
66	49	42
66	49	42
66	49	42
66	49	42
66	49	41
66	49	41
66	49	41
68	49	41
68	49	41
68	49	41
68	49	41
68	49	41
68	49	41
68	49	41
68	49	41
68	49	41
68	49	41
66	47	41
66	47	41
66	47	41
66	47	41
66	47	41
66	47	41
66	47	41
66	47	39
66	47	39
66	47	39
65	46	39
65	46	39
65	46	39
65	46	39
65	46	39
65	46	39
65	46	39
65	46	39
65	46	39
65	46	39
66	44	39
66	44	39
66	44	39
66	44	39
66	44	39
66	44	39
66	44	39
66	44	37
66	44	37
66	44	37
68	42	37
68	42	37
68	42	37
68	42	37
68	42	37
68	42	37
68	42	37
68	42	37
68	42	37
68	42	37
68	46	37
68	46	37
68	46	37
68	46	37
68	46	37
68	46	37
68	46	37
68	46	37
68	46	37
68	46	37
70	44	37
70	44	37
70	44	37
70	44	37
70	44	37
70	44	37
70	44	37
70	44	37
70	44	37
70	44	37
68	46	37
68	46	37
68	46	37
68	46	37
68	46	37
68	46	37
68	46	37
68	46	37
68	46	37
68	46	37
66	47	37
66	47	37
66	47	37
66	47	37
66	47	37
66	47	37
66	47	37
66	47	37
66	47	37
66	47	37
68	47	37
68	47	37
68	47	37
68	47	37
68	47	37
68	47	37
68	47	37
68	47	37
68	47	37
68	47	37
70	47	37
70	47	37
70	47	37
70	47	37
70	47	37
70	47	37
70	47	37
70	47	37
70	47	37
70	47	37
70	47	37
70	47	37
70	47	37
70	47	37
70	47	37
70	47	37
70	47	37
70	47	37
70	47	37
70	47	37
71	47	37
71	47	37
71	47	37
71	47	37
71	47	37
71	47	37
71	47	37
71	47	37
71	47	37
71	47	37
70	46	37
70	46	37
70	46	37
70	46	37
70	46	37
70	46	37
70	46	37
70	46	37
70	46	37
70	46	37
68	44	37
68	44	37
68	44	37
68	44	37
68	44	37
68	44	37
68	44	37
68	44	37
68	44	37
68	44	37
66	42	37
66	42	37
66	42	37
66	42	37
66	42	37
66	42	37
66	42	37
66	42	37
66	42	37
66	42	37
65	41	37
65	41	37
65	41	37
65	41	37
65	41	37
65	41	37
65	41	37
65	41	37
65	41	37
65	41	37
65	44	37
65	44	37
65	44	37
65	44	37
65	44	37
65	44	37
65	44	37
65	44	37
65	44	37
65	44	37
75	42	37
75	42	37
75	42	37
75	42	37
75	42	37
75	42	37
75	42	37
75	42	37
75	42	37
75	42	37
75	44	37
75	44	37
75	44	37
75	44	37
75	44	37
75	44	37
75	44	37
75	44	37
75	44	37
75	44	37
75	46	37
75	46	37
75	46	37
75	46	37
75	46	37
75	46	37
75	46	37
75	46	37
75	46	37
75	46	37
75	46	37
75	46	37
75	46	37
75	46	37
75	46	37
75	46	37
75	46	37
75	46	37
75	46	37
75	46	37
75	46	37
75	46	37
75	46	37
75	46	37
75	46	37
75	46	37
75	46	37
75	46	37
75	46	37
75	46	37
73	46	37
73	46	37
73	46	37
73	46	37
73	46	37
73	46	37
73	46	37
73	46	37
73	46	37
73	46	37
75	46	37
75	46	37
75	46	37
75	46	37
75	46	37
75	46	37
75	46	37
75	46	37
75	46	37
75	46	37
73	39	37
73	39	37
73	39	37
73	39	37
73	39	37
73	39	37
73	39	37
73	39	37
73	39	37
73	39	37
71	41	37
71	41	37
71	41	37
71	41	37
71	41	37
71	41	37
71	41	37
71	41	37
71	41	37
71	41	37
70	42	37
70	42	37
70	42	37
70	42	37
70	42	37
70	42	37
70	42	37
70	42	37
70	42	37
70	42	37
70	44	37
70	44	37
70	44	37
70	44	37
68	44	37
68	44	37
68	44	37
70	44	37
70	44	37
70	44	37
70	46	37
68	46	37
68	46	37
68	46	37
68	46	37
70	46	37
70	46	37
70	46	37
68	46	37
68	46	37
68	47	37
68	47	37
70	47	37
70	47	37
70	47	37
70	47	37
68	47	37
68	47	37
68	47	37
70	47	37
70	49	37
70	49	37
70	49	37
68	49	37
68	49	37
68	49	37
68	49	37
70	49	37
70	49	37
70	49	37
68	47	37
68	47	37
68	47	37
68	47	37
70	47	37
70	47	37
70	47	37
70	47	37
68	47	37
68	47	37
68	46	37
70	46	37
70	46	37
70	46	37
70	46	37
68	46	37
68	46	37
68	46	37
68	46	37
70	46	37
70	44	37
70	44	37
68	44	37
68	44	37
68	44	37
68	44	37
70	44	37
70	44	37
70	44	37
70	44	37
68	42	37
68	42	37
68	42	37
70	42	37
70	42	37
70	42	37
70	42	37
68	42	37
68	42	37
68	42	37
68	41	37
70	41	37
70	41	37
70	41	37
68	41	37
68	41	37
68	41	37
68	41	37
70	41	37
70	41	37
70	41	37
70	41	37
68	41	37
68	41	37
68	41	37
70	41	37
70	41	37
70	41	0
70	41	0
68	41	0
68	0	0
68	0	0
68	0	0
70	0	0
70	0	0
70	0	0
68	0	0
68	0	0
68	0	0
68	0	0
70	0	0
70	0	0
70	0	0
70	0	0
68	0	0
68	0	0
68	0	0
70	0	0
70	0	0
70	0	0
70	0	0
0	0	0
0	0	0
0	0	0
0	0	0
0	0	0
0	0	0
0	0	0
0	0	0
0	0	0
73	0	0
0	0	0
0	0	0
0	0	0
0	0	0
71	0	0
71	0	0
71	0	0
71	0	0
71	0	0
70	0	0
70	0	0
70	0	0
70	0	0
70	0	0
70	0	0
70	0	0
70	0	44
70	0	44
70	0	44
73	0	44
73	0	44
73	0	44
73	0	44
73	0	44
73	0	44
73	0	44
73	0	42
73	0	42
73	0	42
68	0	42
68	0	42
68	0	42
68	0	42
68	0	42
68	0	42
68	0	42
68	0	41
68	0	41
68	0	41
73	0	41
73	0	41
73	0	41
73	0	41
73	0	41
73	0	41
73	0	41
73	0	39
73	0	39
73	0	39
66	0	39
66	0	39
66	0	39
66	0	39
66	0	39
66	0	39
66	0	39
66	0	39
66	0	39
66	0	39
73	0	39
73	0	39
73	0	39
73	0	39
73	0	39
73	0	39
73	0	39
73	0	39
73	0	39
73	0	39
65	0	39
65	0	39
65	0	39
65	0	39
65	0	39
65	0	39
65	0	39
65	0	39
65	0	39
65	0	39
73	0	39
73	0	39
73	0	39
73	0	39
73	0	39
73	0	39
73	0	39
73	0	0
73	0	0
73	0	0
63	0	0
63	0	0
63	0	0
63	0	0
63	0	0
63	0	0
63	0	0
63	0	0
63	0	0
63	0	0
73	0	0
73	0	0
73	0	0
73	0	0
73	0	0
73	0	0
73	0	0
73	0	0
73	0	0
73	0	0
71	0	0
71	0	0
71	0	0
71	0	0
71	0	0
71	0	0
71	0	0
71	0	0
71	0	0
71	0	0
70	0	0
70	0	0
70	0	0
70	0	0
70	0	0
70	0	0
70	0	0
70	0	0
70	0	0
70	0	0
68	0	0
68	0	0
68	0	0
68	0	0
68	0	0
68	0	0
68	0	0
68	0	42
68	0	42
68	0	42
71	0	42
71	0	42
71	0	42
71	0	42
71	0	42
71	0	42
71	0	42
71	0	41
71	0	41
71	0	41
66	0	41
66	0	41
66	0	41
66	0	41
66	0	41
66	0	41
66	0	41
66	0	39
66	0	39
66	0	39
71	0	39
71	0	39
71	0	39
71	0	39
71	0	39
71	0	39
71	0	39
71	0	37
71	0	37
71	0	37
65	0	37
65	0	37
65	0	37
65	0	37
65	0	37
65	0	37
65	0	37
65	0	37
65	0	37
65	0	37
71	0	37
71	0	37
71	0	37
71	0	37
71	0	37
71	0	37
71	0	37
71	0	37
71	0	37
71	0	37
63	0	37
63	0	37
63	0	37
63	0	37
63	0	37
63	0	37
63	0	37
63	0	37
63	0	37
63	0	37
71	59	37
71	59	37
71	59	37
71	59	37
71	59	37
71	59	37
71	59	37
71	59	0
71	59	0
71	59	0
61	57	0
61	57	0
61	57	0
61	57	0
61	57	0
61	57	0
61	57	0
61	57	0
61	57	0
61	57	0
71	56	0
71	56	0
71	56	0
71	56	0
71	56	0
71	56	0
71	56	0
71	56	0
71	56	0
71	56	0
70	54	0
70	54	0
70	54	0
70	54	0
70	54	0
70	54	0
70	54	0
70	54	0
70	54	0
70	54	0
68	57	0
68	57	0
68	57	0
68	57	0
68	57	0
68	57	0
68	57	0
68	57	0
68	57	0
68	57	0
66	56	0
66	56	0
66	56	0
66	56	0
66	56	0
66	56	0
66	56	0
66	56	40
66	56	40
66	56	40
70	57	40
70	57	40
70	57	40
70	57	40
70	57	40
70	57	40
70	57	40
70	57	39
70	57	39
70	57	39
64	56	39
64	56	39
64	56	39
64	56	39
64	56	39
64	56	39
64	56	39
64	56	37
64	56	37
64	56	37
70	54	37
70	54	37
70	54	37
70	54	37
70	54	37
70	54	37
70	54	37
70	54	35
70	54	35
70	54	35
63	52	35
63	52	35
63	52	35
63	52	35
63	52	35
63	52	35
63	52	35
63	52	35
63	52	35
63	52	35
70	56	35
70	56	35
70	56	35
70	56	35
70	56	35
70	56	35
70	56	35
70	56	0
70	56	0
70	56	0
61	54	0
61	54	0
61	54	0
61	54	0
61	54	0
61	54	0
61	54	0
61	54	0
61	54	0
61	54	0
70	56	0
70	56	0
70	56	0
70	56	0
70	56	0
70	56	0
70	56	0
70	56	0
70	56	0
70	56	0
59	54	0
59	54	0
59	54	0
59	54	0
59	54	0
59	54	0
59	54	0
59	54	0
59	54	0
59	54	0
70	52	0
70	52	0
70	52	0
70	52	0
70	52	0
70	52	0
70	52	0
70	52	0
70	52	0
70	52	0
68	51	0
68	51	0
68	51	0
68	51	0
68	51	0
68	51	0
68	51	0
68	51	0
68	51	0
68	51	0
66	54	0
66	54	0
66	54	0
66	54	0
66	54	0
66	54	0
66	54	0
66	54	0
66	54	0
66	54	0
65	52	0
65	52	0
65	52	0
65	52	0
65	52	0
65	52	0
65	52	0
65	52	0
65	52	0
65	52	0
68	54	0
68	54	0
68	54	0
68	54	0
68	54	0
68	54	0
68	54	0
68	54	0
68	54	0
68	54	0
63	52	0
63	52	0
63	52	0
63	52	0
63	52	0
63	52	0
63	52	0
63	52	0
63	52	0
63	52	0
68	51	0
68	51	0
68	51	0
68	51	0
68	51	0
68	51	0
68	51	0
68	51	0
68	51	0
68	51	0
61	49	0
61	49	0
61	49	0
61	49	0
61	49	0
61	49	0
61	49	0
61	49	37
61	49	37
61	49	37
68	52	37
68	52	37
68	52	37
68	52	37
68	52	37
68	52	37
68	52	37
68	52	39
68	52	39
68	52	39
59	51	39
59	51	39
59	51	39
59	51	39
59	51	39
59	51	39
59	51	39
59	51	41
59	51	41
59	51	41
68	51	41
68	51	41
68	51	41
68	51	41
68	51	41
68	51	41
68	51	41
68	51	42
68	51	42
68	51	42
58	51	42
58	51	42
58	51	42
58	51	42
58	51	42
58	51	42
58	51	42
58	51	44
58	51	44
58	51	44
68	51	44
68	51	44
68	51	44
68	51	44
68	51	44
68	51	44
68	51	44
68	51	46
68	51	46
68	51	46
66	51	46
66	51	46
66	51	46
66	51	46
66	51	46
66	51	46
66	51	46
66	51	47
66	51	47
66	51	47
58	51	47
58	51	47
58	51	47
58	51	47
58	51	47
58	51	47
58	51	47
58	51	49
58	51	49
58	51	49
56	49	49
56	49	49
56	49	49
56	49	49
56	49	49
56	49	49
56	49	49
56	49	49
56	49	49
56	49	49
59	49	49
59	49	49
59	49	49
59	49	49
59	49	49
59	49	49
59	49	49
59	49	37
59	49	37
59	49	37
66	0	37
66	0	37
66	0	37
66	0	37
66	0	37
66	0	37
66	0	37
66	0	37
66	0	37
66	0	37
65	0	37
65	0	37
65	0	37
65	0	37
65	0	37
65	0	37
65	0	37
65	0	42
65	0	42
65	0	42
68	0	42
68	0	42
68	0	42
68	0	42
66	0	42
66	0	42
66	0	42
68	0	42
68	0	42
68	0	42
68	0	42
66	0	42
66	0	42
66	0	42
66	0	42
68	0	42
68	0	42
68	0	40
66	0	40
66	0	40
66	0	40
66	0	40
68	0	40
68	0	40
68	0	40
68	0	40
66	0	40
66	0	42
66	0	42
68	0	42
68	0	42
68	0	42
68	0	42
66	0	42
66	0	42
66	0	42
66	0	42
68	0	44
68	0	44
68	0	44
66	0	44
66	0	44
66	0	44
66	0	44
68	0	44
68	0	44
68	0	44
68	0	42
66	0	42
66	0	42
66	0	42
68	0	42
68	0	42
68	0	42
68	0	42
66	0	42
66	0	42
66	0	40
66	0	40
68	0	40
68	0	40
68	0	40
66	0	40
66	0	40
66	0	40
66	0	40
68	0	40
68	0	40
68	0	40
68	0	40
66	0	40
66	0	40
66	0	40
68	0	40
68	0	40
68	0	40
68	0	40
66	0	39
66	0	39
66	0	39
66	0	39
68	0	39
68	0	39
68	0	39
66	0	39
66	0	39
66	0	39
66	0	40
68	0	40
68	0	40
68	0	40
68	0	40
66	0	40
66	0	40
66	0	40
68	0	40
68	0	40
68	0	42
68	0	42
66	0	42
66	0	42
66	0	42
66	0	42
68	0	42
68	0	42
68	0	42
66	0	42
66	0	40
66	0	40
66	0	40
68	0	40
68	0	40
68	0	40
68	0	40
66	0	40
66	0	40
66	0	40
68	0	39
68	0	39
68	0	39
68	0	39
66	0	39
66	0	39
66	0	39
66	0	39
68	0	39
68	0	39
68	0	39
66	0	39
66	0	39
66	0	39
66	0	39
68	0	39
68	0	39
68	0	39
68	0	39
66	0	39
66	0	40
66	0	40
68	0	40
68	0	40
68	0	40
68	0	40
66	0	40
66	0	40
66	0	40
66	0	40
68	0	40
68	0	40
68	0	40
66	0	40
66	0	40
66	0	40
66	0	40
68	0	40
68	0	40
68	0	40
68	0	42
66	0	42
66	0	42
66	0	42
68	0	42
68	0	42
68	0	42
68	0	42
66	0	42
66	0	42
66	0	42
66	0	42
68	0	42
68	0	42
68	0	42
66	0	42
66	0	42
66	0	42
66	0	42
68	0	42
68	0	47
68	0	47
68	0	47
66	0	47
66	0	47
66	0	47
68	0	47
68	0	47
68	0	47
68	0	47
66	0	47
66	0	47
66	0	47
66	0	47
66	0	47
66	0	47
66	0	47
66	0	47
66	0	47
66	0	47
0	0	37
0	0	37
0	0	37
64	0	37
64	0	37
64	0	37
64	0	37
64	0	37
64	0	37
64	0	37
64	0	37
64	0	37
64	0	37
64	0	37
64	0	37
64	0	37
64	0	37
64	0	37
64	0	37
64	0	37
64	0	37
64	0	37
64	0	37
64	0	37
64	0	37
64	0	37
64	0	37
64	0	37
64	0	37
64	0	37
64	0	37
64	0	37
64	0	37
64	0	37
64	0	37
64	0	37
64	0	37
64	0	37
64	0	37
64	0	37
64	0	39
64	0	39
64	0	39
64	0	39
64	0	39
64	0	39
64	0	39
64	0	39
64	0	39
64	0	39
64	0	39
64	0	39
64	0	39
64	0	39
64	0	39
64	0	39
64	0	39
64	0	39
64	0	39
64	0	39
64	0	40
64	0	40
64	0	40
63	0	40
63	0	40
63	0	40
63	0	40
63	0	40
63	0	40
63	0	40
63	0	40
63	0	40
63	0	40
63	0	40
63	0	40
63	0	40
63	0	40
63	0	40
63	0	40
63	0	40
63	0	42
63	0	42
63	0	42
63	0	42
63	0	42
63	0	42
63	0	42
63	0	42
63	0	42
63	0	42
63	0	42
63	0	42
63	0	42
63	0	42
63	0	42
63	0	42
63	0	42
63	0	42
63	0	42
63	0	42
63	0	44
63	0	44
63	0	44
63	0	44
63	0	44
63	0	44
63	0	44
63	0	44
63	0	44
63	0	44
63	0	44
63	0	44
63	0	44
63	0	44
63	0	44
63	0	44
63	0	44
63	0	44
63	0	44
63	0	44
63	0	34
63	0	34
63	0	34
61	0	34
61	0	34
61	0	34
61	0	34
61	0	34
61	0	34
61	0	34
61	0	34
61	0	34
61	0	34
61	0	34
61	0	34
61	0	34
61	0	34
61	0	34
61	0	34
61	0	34
61	0	34
61	0	34
61	0	34
61	0	34
61	0	34
61	0	34
61	0	34
61	0	34
61	0	34
61	0	34
61	0	34
61	0	34
61	0	34
61	0	34
61	0	34
61	0	34
61	0	34
61	0	34
61	0	34
61	0	34
61	0	35
61	0	35
61	0	35
0	0	35
0	0	35
0	0	35
0	0	35
0	0	35
0	0	35
0	0	35
0	0	35
0	0	35
0	0	35
59	0	35
59	0	35
59	0	35
59	0	35
59	0	35
59	0	35
59	0	35
59	0	34
59	0	34
59	0	34
61	0	34
61	0	34
61	0	34
61	0	34
61	0	34
61	0	34
61	0	34
61	0	35
61	0	35
61	0	35
59	0	35
59	0	35
59	0	35
59	0	35
59	0	35
59	0	35
59	0	35
59	0	37
59	0	37
59	0	37
58	0	37
58	0	37
58	0	37
58	0	37
58	0	37
58	0	37
58	0	37
58	0	39
58	0	39
58	0	39
59	0	39
59	0	39
59	0	39
59	0	39
59	0	39
59	0	39
59	0	39
59	0	28
59	0	28
59	0	28
58	0	28
58	0	28
58	0	28
58	0	28
58	0	28
58	0	28
58	0	28
58	0	28
58	0	28
58	0	28
54	0	28
54	0	28
54	0	28
54	0	28
54	0	28
56	0	28
56	0	28
56	0	52
56	0	52
56	0	52
58	54	52
58	54	52
58	54	52
58	54	52
58	54	52
58	54	52
58	54	52
58	54	51
58	54	51
58	54	51
54	54	51
54	54	51
54	54	51
54	54	51
54	54	51
54	54	51
54	54	51
54	54	49
54	54	49
54	54	49
59	52	49
59	52	49
59	52	49
59	52	49
59	52	49
59	52	49
59	52	49
59	52	47
59	52	47
59	52	47
54	54	47
54	54	47
54	54	47
54	54	47
54	54	47
54	54	47
54	54	47
54	54	46
54	54	46
54	54	46
61	56	46
61	56	46
61	56	46
61	56	46
61	56	46
61	56	46
61	56	46
61	56	44
61	56	44
61	56	44
54	54	44
54	54	44
54	54	44
54	54	44
54	54	44
54	54	44
54	54	44
54	54	42
54	54	42
54	54	42
63	52	42
63	52	42
63	52	42
63	52	42
63	52	42
63	52	42
63	52	42
63	52	40
63	52	40
63	52	40
54	52	40
54	52	40
54	52	40
54	52	40
54	52	40
54	52	40
54	52	40
54	52	39
54	52	39
54	52	39
64	51	39
64	51	39
64	51	39
64	51	39
64	51	39
64	51	39
64	51	39
64	51	37
64	51	37
64	51	37
54	52	37
54	52	37
54	52	37
54	52	37
54	52	37
54	52	37
54	52	37
54	52	35
54	52	35
54	52	35
63	54	35
63	54	35
63	54	35
63	54	35
63	54	35
63	54	35
63	54	35
63	54	37
63	54	37
63	54	37
71	52	37
71	52	37
71	52	37
71	52	37
71	52	37
71	52	37
71	52	37
71	52	39
71	52	39
71	52	39
69	51	39
69	51	39
69	51	39
69	51	39
69	51	39
69	51	39
69	51	39
69	51	35
69	51	35
69	51	35
68	51	35
68	51	35
68	51	35
68	51	35
68	51	35
68	51	35
68	51	35
68	51	40
68	51	40
68	51	40
66	52	40
66	52	40
66	52	40
66	52	40
66	52	40
66	52	40
66	52	40
66	52	35
66	52	35
66	52	35
64	52	35
64	52	35
64	52	35
64	52	35
64	52	35
64	52	35
64	52	35
64	52	42
64	52	42
64	52	42
63	54	42
63	54	42
63	54	42
63	54	42
63	54	42
63	54	42
63	54	42
63	54	35
63	54	35
63	54	35
61	54	35
61	54	35
61	54	35
61	54	35
61	54	35
61	54	35
61	54	35
61	54	44
61	54	44
61	54	44
59	56	44
59	56	44
59	56	44
59	56	44
59	56	44
59	56	44
59	56	44
59	56	35
59	56	35
59	56	35
57	56	35
57	56	35
57	56	35
57	56	35
57	56	35
57	56	35
57	56	35
57	56	45
57	56	45
57	56	45
56	46	45
56	46	45
56	46	45
56	46	45
56	46	45
56	46	45
56	46	45
56	46	35
56	46	35
56	46	35
54	46	35
54	46	35
54	46	35
54	46	35
54	46	35
54	46	35
54	46	35
54	46	44
54	46	44
54	46	44
52	46	44
52	46	44
52	46	44
52	46	44
52	46	44
52	46	44
52	46	44
52	46	32
52	46	32
52	46	32
68	46	32
68	46	32
68	46	34
68	46	34
68	46	34
68	46	34
68	46	34
68	46	36
68	46	36
68	46	36
66	47	36
66	47	36
66	47	36
66	47	36
66	47	36
66	47	36
66	47	36
66	47	32
66	47	32
66	47	32
64	47	32
64	47	32
64	47	32
64	47	32
64	47	32
64	47	32
64	47	32
64	47	37
64	47	37
64	47	37
63	61	37
63	61	37
63	61	37
63	61	37
63	61	37
63	61	37
63	61	37
63	61	32
63	61	32
63	61	32
61	59	32
61	59	32
61	59	32
61	59	32
61	59	32
61	59	32
61	59	32
61	59	39
61	59	39
61	59	39
60	58	39
60	58	39
60	58	39
60	58	39
60	58	39
60	58	39
60	58	39
60	58	32
60	58	32
60	58	32
58	59	32
58	59	32
58	59	32
58	59	32
58	59	32
58	59	32
58	59	32
58	59	40
58	59	40
58	59	40
56	61	40
56	61	40
56	61	40
56	61	40
56	61	40
56	61	40
56	61	40
56	61	32
56	61	32
56	61	32
54	61	32
54	61	32
54	61	32
54	61	32
54	61	32
54	61	32
54	61	32
54	61	42
54	61	42
54	61	42
52	63	42
52	63	42
52	63	42
52	63	42
52	63	42
52	63	42
52	63	42
52	63	32
52	63	32
52	63	32
51	61	32
51	61	32
51	61	32
51	61	32
51	61	32
51	61	32
51	61	32
51	61	41
51	61	41
51	61	41
49	59	41
49	59	41
49	59	41
49	59	41
49	59	41
49	59	41
49	59	41
49	59	49
49	59	49
49	59	49
51	61	49
51	61	49
51	61	49
51	61	49
51	61	49
51	61	49
51	61	49
51	61	47
51	61	47
51	61	47
53	63	47
53	63	47
53	63	47
53	63	47
53	63	47
53	63	47
53	63	47
53	63	46
53	63	46
53	63	46
49	63	46
49	63	46
49	63	46
49	63	46
49	63	46
49	63	46
49	63	46
49	63	44
49	63	44
49	63	44
54	61	44
54	61	44
54	61	44
54	61	44
54	61	44
54	61	44
54	61	44
54	61	42
54	61	42
54	61	42
49	61	42
49	61	42
49	61	42
49	61	42
49	61	42
49	61	42
49	61	42
49	61	41
49	61	41
49	61	41
56	59	41
56	59	41
56	59	41
56	59	41
56	59	41
56	59	41
56	59	41
56	59	39
56	59	39
56	59	39
49	59	39
49	59	39
49	59	39
49	59	39
49	59	39
49	59	39
49	59	39
49	59	37
49	59	37
49	59	37
58	59	37
58	59	37
58	59	37
58	59	37
58	59	37
58	59	37
58	59	37
58	59	35
58	59	35
58	59	35
49	59	35
49	59	35
49	59	35
49	59	35
49	59	35
49	59	35
49	59	35
49	59	34
49	59	34
49	59	34
59	66	34
59	66	34
59	66	34
59	66	34
59	66	34
59	66	34
59	66	34
59	66	32
59	66	32
59	66	32
49	66	32
49	66	32
49	66	32
49	66	32
49	66	32
49	66	32
49	66	32
49	66	30
49	66	30
49	66	30
58	65	30
58	65	30
58	65	30
58	65	30
58	65	30
58	65	30
58	65	30
58	65	30
58	65	30
58	65	30
58	65	30
58	65	30
58	65	30
58	65	30
58	65	30
58	65	30
58	65	30
58	65	30
58	65	30
58	65	30
63	66	30
63	66	30
63	66	30
63	66	30
63	66	30
63	66	30
63	66	30
63	66	30
63	66	30
63	66	30
63	66	30
63	66	30
63	66	30
63	66	30
63	66	30
63	66	30
63	66	30
63	66	30
63	66	30
63	66	30
59	59	30
59	59	30
59	59	30
59	59	30
59	59	30
59	59	30
59	59	30
59	59	30
59	59	30
59	59	30
59	59	30
59	59	30
59	59	30
59	59	30
59	59	30
59	59	30
59	59	30
59	59	30
59	59	30
59	59	30
56	58	30
56	58	30
56	58	30
56	58	30
56	58	30
56	58	30
56	58	30
56	58	30
56	58	30
56	58	30
56	58	30
56	58	30
56	58	30
56	58	30
56	58	30
56	58	30
56	58	30
56	58	30
56	58	30
56	58	30
61	56	30
61	56	30
61	56	30
61	56	30
61	56	30
61	56	30
61	56	30
61	56	30
61	56	30
61	56	30
61	56	30
61	56	30
61	56	30
61	56	30
61	56	30
61	56	30
61	56	30
61	56	30
61	56	30
61	56	30
58	65	30
58	65	30
58	65	30
58	65	30
58	65	30
58	65	30
58	65	30
58	65	30
58	65	30
58	65	30
58	65	30
58	65	30
58	65	30
58	65	30
58	65	30
58	65	30
58	65	30
58	65	30
58	65	30
58	65	30
59	65	30
59	65	30
59	65	30
59	65	30
59	65	30
59	65	30
59	65	30
59	65	42
59	65	42
59	65	42
59	65	42
59	65	42
59	65	42
59	65	42
59	65	42
59	65	42
59	65	42
59	65	40
59	65	40
59	65	40
59	64	40
59	64	40
59	64	40
59	64	40
59	64	40
59	64	40
59	64	40
59	64	42
59	64	42
59	64	42
59	64	42
59	64	42
59	64	42
59	64	42
59	64	42
59	64	42
59	64	42
59	64	44
59	64	44
59	64	44
59	64	44
59	64	44
59	64	44
59	64	44
59	64	44
59	64	44
59	64	44
59	64	42
59	64	42
59	64	42
59	64	42
59	64	42
59	64	42
59	64	42
59	64	42
59	64	42
59	64	42
59	64	40
59	64	40
59	64	40
59	0	40
59	0	40
59	0	40
59	0	40
59	0	40
59	0	40
59	0	40
59	0	40
59	0	40
59	0	40
61	63	40
61	63	40
61	63	40
61	63	40
61	63	40
61	61	40
61	61	40
61	61	39
0	61	39
63	61	39
63	63	39
63	63	39
61	63	39
61	63	39
61	63	39
61	63	39
63	63	39
63	63	40
63	63	40
63	63	40
61	63	40
61	63	40
61	63	40
63	63	40
63	63	40
63	63	40
63	63	40
61	63	42
61	63	42
61	63	42
61	61	42
61	61	42
61	61	42
61	61	42
61	61	42
61	61	42
61	61	42
61	61	40
61	61	40
61	61	40
59	61	40
59	61	40
59	61	40
59	61	40
59	61	40
61	61	40
61	61	40
61	61	39
61	61	39
61	61	39
63	61	39
63	61	39
63	61	39
63	61	39
63	61	39
63	61	39
63	61	39
63	61	39
63	61	39
63	61	39
63	61	39
63	61	39
63	61	39
63	61	39
63	61	39
63	61	39
63	61	39
63	61	37
63	61	37
63	61	37
64	63	37
64	63	37
64	63	37
64	63	37
64	63	37
64	63	37
64	63	37
64	63	39
64	63	39
64	63	39
63	63	39
63	63	39
63	63	39
63	63	39
63	63	39
63	63	39
63	63	39
63	63	40
63	63	40
63	63	40
61	63	40
61	63	40
61	63	40
61	63	40
61	63	40
61	63	40
61	63	40
61	63	39
61	63	39
61	63	39
63	63	39
63	63	39
63	63	39
63	63	39
63	63	39
63	63	39
63	63	39
63	63	37
63	63	37
63	63	37
64	61	37
64	61	37
64	61	37
64	61	37
64	61	37
64	61	37
64	61	37
64	61	37
64	61	37
64	61	37
64	61	37
64	61	37
64	61	37
64	61	37
64	61	37
64	61	37
64	61	37
64	61	35
64	61	35
64	61	35
66	59	35
66	59	35
66	59	35
66	59	35
66	59	35
66	59	35
66	59	35
66	59	37
66	59	37
66	59	37
64	59	37
64	59	37
64	59	37
64	59	37
64	59	37
64	59	37
64	59	37
64	59	39
64	59	39
64	59	39
63	59	39
63	59	39
63	59	39
63	59	39
63	59	39
63	59	39
63	59	39
63	59	37
63	59	37
63	59	37
64	59	37
64	59	37
64	59	37
64	59	37
64	59	37
64	59	37
64	59	37
64	59	35
64	59	35
64	59	35
66	58	35
66	58	35
66	58	35
66	58	35
66	58	35
66	58	35
66	58	35
66	58	47
66	58	47
66	58	47
66	58	47
66	58	47
66	58	46
66	58	46
66	58	46
66	58	46
66	58	46
66	58	44
66	58	44
66	58	44
64	59	44
64	59	44
64	59	44
64	59	44
64	59	44
64	59	44
64	59	44
64	59	47
64	59	47
64	59	47
64	59	47
64	59	47
64	59	47
64	59	47
64	59	47
64	59	47
64	59	47
64	59	42
64	59	42
64	59	42
63	59	42
63	59	42
63	59	42
63	59	42
63	59	42
63	59	42
63	59	42
63	59	47
63	59	47
63	59	47
63	59	47
63	59	47
63	59	47
63	59	47
63	59	47
63	59	47
63	59	47
63	59	41
63	59	41
63	59	41
61	57	41
61	57	41
61	57	41
61	57	41
61	57	41
61	57	41
61	57	41
61	57	47
61	57	47
61	57	47
61	57	47
61	57	47
61	57	47
61	57	47
61	57	47
61	57	47
61	57	47
61	57	39
61	57	39
61	57	39
71	56	39
71	56	39
71	56	39
71	56	39
71	56	39
71	56	39
71	56	39
71	56	47
71	56	47
71	56	47
71	56	47
71	56	47
71	56	47
71	56	47
71	56	47
71	56	47
71	56	47
71	56	37
71	56	37
71	56	37
71	56	37
71	56	37
71	56	37
71	56	37
71	56	37
71	56	37
71	56	37
71	56	47
71	56	47
71	56	47
71	56	47
71	56	47
71	56	47
71	56	47
71	56	47
71	56	47
71	56	47
71	56	42
71	56	42
71	56	42
70	55	42
70	55	42
70	55	42
70	55	42
70	55	42
70	55	42
70	55	42
70	55	40
70	55	40
70	55	40
70	55	40
70	55	40
70	55	40
70	55	40
70	55	40
70	55	40
70	55	40
70	55	38
70	55	38
70	55	38
68	54	38
68	54	38
68	54	38
68	54	38
68	54	38
68	54	38
68	54	38
68	54	42
68	54	42
68	54	42
68	54	42
68	54	42
68	54	42
68	54	42
68	54	42
68	54	42
68	54	42
68	54	37
68	54	37
68	54	37
66	56	37
66	56	37
66	56	37
66	56	37
66	56	37
66	56	37
66	56	37
66	56	42
66	56	42
66	56	42
66	56	42
66	56	42
66	56	42
66	56	42
66	56	42
66	56	42
66	56	42
66	56	35
66	56	35
66	56	35
65	63	35
65	63	35
65	63	35
65	63	35
65	63	35
65	63	35
65	63	35
65	63	44
65	63	44
65	63	44
65	63	44
65	63	44
65	63	44
65	63	44
65	63	44
65	63	44
65	63	44
65	63	34
65	63	34
65	63	34
74	59	34
74	59	34
74	59	34
74	59	34
74	59	34
74	59	34
74	59	34
74	59	44
74	59	44
74	59	44
74	59	44
74	59	44
74	59	44
74	59	44
74	59	44
74	59	44
74	59	44
74	59	32
74	59	32
74	59	32
74	59	32
74	59	32
74	59	32
74	59	32
74	59	32
74	59	32
74	59	32
74	59	44
74	59	44
74	59	44
74	59	44
74	59	44
74	59	44
74	59	44
74	59	44
74	59	44
74	59	44
74	59	34
74	59	34
74	59	34
73	61	34
73	61	34
73	61	34
73	61	34
73	61	34
73	61	34
73	61	34
73	61	34
73	61	34
73	61	34
71	61	34
71	61	34
71	61	34
71	61	34
71	61	34
71	61	34
71	61	34
71	61	30
71	61	30
71	61	30
70	0	30
70	0	30
70	0	30
70	0	30
70	0	30
70	0	30
70	0	30
70	0	30
70	0	30
70	0	30
68	0	30
68	0	30
68	0	30
68	0	30
68	0	30
68	0	30
68	0	30
68	0	35
68	0	35
68	0	35
66	0	35
66	0	35
66	0	35
66	0	35
66	0	35
66	0	35
66	0	35
66	0	35
66	0	35
66	0	35
66	0	35
66	0	35
66	0	35
66	0	35
66	0	35
66	0	35
66	0	35
66	0	32
66	0	32
66	0	32
0	0	32
0	0	32
0	0	32
0	0	32
0	0	32
0	0	32
0	0	32
0	0	32
0	0	32
0	0	32
71	0	32
71	0	32
71	0	32
71	0	32
71	0	32
71	0	32
71	0	32
71	0	28
71	0	28
71	0	28
71	0	28
71	0	28
71	0	28
71	0	28
71	0	28
71	0	28
71	0	28
71	0	28
71	0	28
71	0	28
64	0	28
64	0	28
64	0	28
64	0	28
64	0	28
64	0	28
64	0	28
64	0	30
64	0	30
64	0	30
71	0	30
71	0	30
71	0	30
71	0	30
71	0	30
71	0	30
71	0	30
71	0	30
71	0	30
71	0	30
70	0	30
70	0	30
70	0	30
70	0	30
70	0	30
70	0	30
70	0	30
70	0	35
70	0	35
70	0	35
71	0	35
71	0	35
71	0	35
71	0	35
71	0	35
71	0	35
71	0	35
71	0	35
71	0	35
71	0	35
70	0	35
70	0	35
70	0	35
70	0	35
70	0	35
68	0	35
68	0	35
68	0	35
68	0	35
68	0	35
66	0	35
66	0	35
66	0	35
66	0	35
66	0	35
66	0	35
66	0	35
66	0	35
66	0	35
66	0	35
71	0	35
71	0	35
71	0	35
71	0	35
71	0	35
71	0	35
71	0	35
71	0	35
71	0	35
71	0	35
64	0	35
64	0	35
64	0	35
64	0	35
64	0	35
64	0	35
64	0	35
64	0	35
64	0	35
64	0	35
71	0	35
71	0	35
71	0	35
71	0	35
71	0	35
71	0	35
71	0	35
71	0	0
71	0	0
71	0	0
63	0	0
63	0	0
63	0	0
63	0	0
63	0	0
63	0	0
63	0	0
63	0	35
63	0	35
63	0	35
63	0	35
63	0	35
63	0	37
63	0	37
63	0	37
63	0	37
63	0	37
63	0	39
63	0	39
63	0	39
71	0	39
71	0	39
71	0	39
71	0	39
71	0	39
71	0	39
71	0	39
71	0	35
71	0	35
71	0	35
71	0	35
71	0	35
71	0	35
71	0	35
71	0	35
71	0	35
71	0	35
71	0	40
71	0	40
71	0	40
61	0	40
61	0	40
61	0	40
61	0	40
61	0	40
61	0	40
61	0	40
61	0	0
61	0	0
61	0	0
61	0	0
61	0	0
61	0	0
61	0	0
61	0	0
61	0	0
61	0	0
61	0	42
61	0	42
61	0	42
63	0	42
63	0	42
63	0	42
63	0	42
63	0	42
63	0	42
63	0	42
63	0	42
63	0	42
63	0	42
66	0	42
66	0	42
66	0	42
66	0	42
66	0	42
64	0	42
64	0	0
64	0	0
64	0	0
64	0	0
63	0	0
63	0	0
63	0	0
63	0	0
63	0	0
63	0	0
63	0	0
63	0	0
63	0	0
63	0	0
66	0	0
66	0	0
66	0	0
66	0	0
66	0	0
66	0	0
66	0	0
66	0	0
66	0	0
66	0	0
61	0	0
61	0	0
61	0	0
61	0	0
61	0	0
61	0	0
61	0	0
61	0	0
61	0	0
61	0	0
66	0	0
66	0	0
66	0	0
66	0	0
66	0	0
66	0	0
66	0	0
66	0	0
66	0	0
66	0	0
59	0	0
59	0	0
59	0	0
59	0	0
59	0	0
59	0	0
59	0	0
59	0	0
59	0	0
59	0	0
59	0	0
59	0	0
59	0	0
59	0	0
59	0	0
59	0	0
59	0	0
59	0	0
59	0	0
59	0	0
0	0	0
0	0	0
0	0	0
0	0	0
0	0	0
0	0	0
0	0	0
0	0	0
0	0	0
0	0	0
0	0	0
0	0	0
0	0	0
0	0	0
0	0	0
0	0	0
0	0	0
0	0	0
0	0	0
0	0	0
0	0	0
0	0	0
0	0	0
0	0	0
0	0	0
0	0	0
0	0	0
0	0	0
0	0	0
0	0	0
0	0	0
0	0	0
0	0	0
0	0	0
0	0	0
0	0	0
0	0	0
0	0	0
0	0	0
0	0	0
0	0	0
0	0	0
0	0	0
0	0	0
0	0	0
59	0	0
59	0	0
59	0	0
59	0	0
59	0	0
61	0	0
61	0	0
61	0	0
61	0	0
61	0	0
63	0	0
63	0	0
63	0	0
63	0	0
63	0	0
64	0	0
64	0	0
64	0	0
64	0	0
64	0	0
64	0	0
64	0	0
64	0	0
64	0	0
64	0	0
59	0	0
59	0	0
59	0	0
59	0	0
59	0	0
59	0	0
59	0	0
59	0	0
59	0	0
59	0	0
66	0	0
66	0	0
66	0	0
66	0	0
66	0	0
66	0	0
66	0	0
66	0	0
66	0	0
66	0	0
59	0	0
59	0	0
59	0	0
59	0	0
59	0	0
59	0	0
59	0	0
59	0	0
59	0	0
59	0	0
68	0	0
68	0	0
68	0	0
68	0	0
68	0	0
63	0	0
63	0	0
63	0	0
63	0	0
63	0	0
64	0	0
64	0	0
64	0	0
64	0	0
64	0	0
66	0	0
66	0	0
66	0	0
66	0	0
66	0	0
68	0	0
68	0	0
68	0	0
68	0	0
68	0	0
68	0	0
68	0	0
68	0	0
68	0	0
68	0	0
64	0	0
64	0	0
64	0	0
64	0	0
64	0	0
64	0	0
64	0	0
64	0	0
64	0	0
64	0	0
70	0	0
70	0	0
70	0	0
70	0	0
70	0	0
70	0	0
70	0	0
70	0	0
70	0	0
70	0	0
64	0	0
64	0	0
64	0	0
64	0	0
64	0	0
64	0	0
64	0	0
64	0	0
64	0	0
64	0	0
71	0	0
71	0	0
71	0	0
71	0	0
71	0	0
71	0	0
71	0	0
71	0	0
71	0	0
71	0	0
71	0	0
71	0	0
71	0	0
71	0	0
71	0	0
71	0	0
71	0	0
71	0	0
71	0	0
71	0	0
71	0	0
71	0	0
71	0	0
71	0	0
71	0	0
71	0	0
71	0	0
71	0	0
71	0	0
71	0	0
71	0	0
71	0	0
71	0	0
71	0	0
71	0	0
71	0	0
71	0	0
71	0	0
71	0	0
71	0	0
71	0	0
71	0	0
71	0	0
71	0	0
71	0	0
71	0	0
71	0	0
71	0	0
71	0	0
71	0	0
70	0	0
70	0	0
70	0	0
70	0	0
70	0	0
70	0	0
70	0	0
70	0	0
70	0	0
70	0	0
71	0	0
71	0	0
71	0	0
71	0	0
71	0	0
71	0	0
71	0	0
71	0	0
71	0	0
71	0	0
71	0	0
71	0	0
71	0	0
71	0	0
71	0	0
71	0	0
71	0	0
71	0	0
71	0	0
71	0	0
71	0	0
71	0	0
71	0	0
71	0	0
71	0	0
71	0	0
71	0	0
71	0	0
71	0	0
71	0	0
71	0	0
71	0	0
71	0	0
71	0	0
71	0	0
71	0	0
71	0	0
71	0	0
71	0	0
71	0	0
71	0	0
71	0	0
71	0	0
71	0	0
71	0	0
71	0	0
71	0	0
71	0	0
71	0	0
71	0	0
71	0	0
71	0	0
71	0	0
71	0	0
71	0	0
71	0	0
71	0	0
71	0	0
71	0	0
71	0	0