49	46	0	0
49	46	0	0
49	46	0	0
49	46	0	0
49	46	0	0
49	46	0	0
49	46	0	0
49	46	0	0
49	46	0	0
49	46	0	0
41	46	0	0
41	46	0	0
41	46	0	0
41	59	0	0
41	59	0	0
41	59	0	0
47	59	0	0
47	59	0	0
47	59	0	0
47	59	0	0
47	59	0	0
47	42	0	0
47	45	0	0
47	45	0	0
47	45	0	0
47	45	0	0
47	45	0	0
47	45	0	0
47	45	0	0
57	45	0	0
57	37	0	0
57	37	0	0
57	37	0	0
57	37	0	0
57	37	0	0
57	37	0	0
57	37	0	0
57	37	0	0
57	37	0	0
49	54	0	0
49	54	0	0
49	54	0	0
42	54	0	0
42	54	0	0
42	54	0	0
42	54	0	0
42	38	0	0
42	38	0	0
42	38	0	0
47	38	0	0
47	38	0	0
42	38	0	0
42	38	0	0
42	38	0	0
42	38	0	0
55	38	0	0
55	38	0	0
55	38	0	0
55	38	0	0
55	57	0	0
55	57	0	0
55	57	0	0
55	57	0	0
55	57	0	0
55	57	0	0
44	47	0	0
44	47	0	0
44	47	0	0
44	47	0	0
44	47	0	0
44	47	0	0
44	47	0	0
44	52	0	0
44	52	0	0
44	52	0	0
59	52	0	0
59	52	0	0
59	52	0	0
59	52	0	0
59	52	0	0
59	52	0	0
59	42	0	0
59	42	0	0
59	42	0	0
59	42	0	0
59	42	0	0
49	42	0	0
49	42	0	0
49	42	0	0
49	42	0	0
49	42	0	0
49	42	0	0
49	42	0	0
49	42	0	0
49	42	0	0
49	56	0	0
49	56	0	0
49	56	0	0
50	56	0	0
50	56	0	0
50	56	0	0
50	44	0	0
50	44	0	0
50	44	0	0
50	44	0	0
50	44	0	0
50	44	0	0
50	44	0	0
58	44	0	0
58	44	0	0
58	44	0	0
58	44	0	0
58	44	0	0
58	44	0	0
58	44	0	0
58	44	0	0
58	44	0	0
58	44	0	0
58	44	0	0
58	44	0	0
52	44	0	0
52	44	0	0
52	44	0	0
52	44	0	0
52	44	0	0
52	52	0	0
52	37	0	0
52	37	0	0
52	37	0	0
52	37	0	0
52	37	0	0
52	37	0	0
44	37	0	0
44	37	0	0
44	37	0	0
44	47	0	0
44	47	0	0
44	59	0	0
44	59	0	0
44	59	0	0
44	59	0	0
52	59	0	0
52	59	0	0
52	59	0	0
52	59	0	0
52	59	0	0
44	59	0	0
44	59	0	0
44	59	0	0
44	59	0	0
44	59	0	0
44	39	0	0
44	39	0	0
44	42	0	0
44	42	0	0
44	42	0	0
44	42	0	0
44	42	0	0
49	42	0	0
49	42	0	0
49	42	0	0
49	42	0	0
49	42	0	0
49	44	0	0
49	59	0	0
49	59	0	0
49	59	0	0
49	59	0	0
44	59	0	0
44	59	0	0
44	59	0	0
44	59	0	0
44	54	0	0
59	54	0	0
59	54	0	0
59	54	0	0
59	54	0	0
59	54	0	0
59	54	0	0
59	54	0	0
59	54	0	0
59	54	0	0
59	54	0	0
59	54	0	0
58	54	0	0
58	49	0	0
58	49	0	0
58	49	0	0
58	49	0	0
58	49	0	0
58	49	0	0
58	49	0	0
58	49	0	0
58	43	0	0
58	43	0	0
58	43	0	0
51	43	0	0
51	43	0	0
51	43	0	0
51	43	0	0
50	43	0	0
50	43	0	0
50	43	0	0
50	43	0	0
50	43	0	0
50	55	0	0
40	55	0	0
40	55	0	0
40	55	0	0
40	55	0	0
40	55	0	0
40	55	0	0
40	37	0	0
40	37	0	0
40	37	0	0
40	37	0	0
40	37	0	0
40	37	0	0
40	37	0	0
49	37	0	0
49	37	0	0
49	45	0	0
49	45	0	0
49	45	0	0
49	45	0	0
49	45	0	0
49	45	0	0
49	45	0	0
49	45	0	0
49	45	0	0
49	45	0	0
54	45	0	0
54	45	0	0
54	45	0	0
54	45	0	0
54	44	0	0
54	44	0	0
54	44	0	0
54	44	0	0
54	44	0	0
54	44	0	0
54	44	0	0
54	44	0	0
54	44	0	0
54	44	0	0
59	44	0	0
59	44	0	0
59	44	0	0
59	44	0	0
59	49	0	0
59	49	0	0
59	49	0	0
59	49	0	0
59	49	0	0
59	49	0	0
59	49	0	0
40	49	0	0
56	49	0	0
56	49	0	0
56	37	0	0
56	37	0	0
56	37	0	0
56	37	0	0
56	37	0	0
56	37	0	0
56	37	0	0
56	37	0	0
56	37	0	0
56	37	0	0
56	37	0	0
46	37	0	0
46	37	0	0
57	59	0	0
57	59	0	0
57	59	0	0
57	59	0	0
57	59	0	0
57	59	0	0
57	59	0	0
57	59	0	0
57	51	0	0
57	51	0	0
57	51	0	0
57	51	0	0
57	51	0	0
57	51	0	0
47	51	0	0
47	51	0	0
47	51	0	0
47	40	0	0
47	40	0	0
47	40	0	0
47	40	0	0
47	40	0	0
47	40	0	0
47	40	0	0
45	40	0	0
45	40	0	0
45	40	0	0
45	40	0	0
45	40	0	0
45	56	0	0
45	56	0	0
45	56	0	0
45	56	0	0
45	56	0	0
45	56	0	0
45	56	0	0
47	56	0	0
47	56	0	0
47	38	0	0
47	38	0	0
47	38	0	0
47	38	0	0
47	38	0	0
47	38	0	0
47	40	0	0
47	40	0	0
47	40	0	0
47	40	0	0
47	40	0	0
47	40	0	0
47	40	0	0
47	40	0	0
47	40	0	0
47	40	0	0
47	40	0	0
59	40	0	0
59	40	0	0
59	42	0	0
59	42	0	0
59	42	0	0
59	42	0	0
59	42	0	0
59	42	0	0
59	42	0	0
59	42	0	0
59	42	0	0
49	42	0	0
49	52	0	0
49	52	0	0
49	52	0	0
49	52	0	0
49	52	0	0
49	52	0	0
49	56	0	0
49	56	0	0
49	56	0	0
49	56	0	0
49	56	0	0
49	56	0	0
49	42	0	0
49	42	0	0
49	42	0	0
49	42	0	0
49	42	0	0
49	42	0	0
49	42	0	0
50	42	0	0
50	42	0	0
50	42	0	0
57	42	0	0
57	51	0	0
57	51	0	0
57	47	0	0
57	47	0	0
57	39	0	0
57	39	0	0
57	39	0	0
42	39	0	0
42	39	0	0
42	39	0	0
42	39	0	0
42	52	0	0
42	52	0	0
42	52	0	0
42	52	0	0
42	52	0	0
42	52	0	0
42	52	0	0
42	52	0	0
42	52	0	0
42	52	0	0
42	50	0	0
42	50	0	0
42	50	0	0
42	50	0	0
42	50	0	0
42	50	0	0
42	50	0	0
42	50	0	0
57	50	0	0
57	50	0	0
57	50	0	0
57	50	0	0
57	42	0	0
57	42	0	0
57	42	0	0
57	42	0	0
57	42	0	0
57	42	0	0
57	42	0	0
57	42	0	0
57	42	0	0
49	42	0	0
49	42	0	0
49	57	0	0
49	57	0	0
49	57	0	0
49	57	0	0
49	57	0	0
49	57	0	0
49	57	0	0
49	57	0	0
49	57	0	0
49	57	0	0
49	37	0	0
52	37	0	0
52	37	0	0
52	37	0	0
52	37	0	0
52	37	0	0
52	37	0	0
52	37	0	0
52	37	0	0
52	37	0	0
44	37	0	0
44	37	0	0
45	37	0	0
45	40	0	0
45	40	0	0
45	40	0	0
45	40	0	0
45	40	0	0
45	40	0	0
45	40	0	0
45	40	0	0
45	40	0	0
45	40	0	0
45	40	0	0
38	52	0	0
38	52	0	0
38	52	0	0
38	52	0	0
38	52	0	0
38	52	0	0
38	52	0	0
38	52	0	0
38	52	0	0
38	52	0	0
38	52	0	0
38	58	0	0
38	58	0	0
38	58	0	0
54	58	0	0
54	58	0	0
54	58	0	0
54	58	0	0
54	58	0	0
54	58	0	0
54	58	0	0
54	45	0	0
54	45	0	0
54	45	0	0
54	45	0	0
54	45	0	0
54	45	0	0
54	45	0	0
54	45	0	0
54	45	0	0
54	45	0	0
54	45	0	0
54	45	0	0
54	45	0	0
54	45	0	0
38	45	0	0
38	45	0	0
38	45	0	0
38	45	0	0
38	45	0	0
38	45	0	0
38	45	0	0
38	45	0	0
38	45	0	0
38	45	0	0
38	45	0	0
38	45	0	0
38	45	0	0
38	45	0	0
38	42	0	0
38	42	0	0
38	42	0	0
38	42	0	0
38	42	0	0
51	42	0	0
51	42	0	0
51	42	0	0
51	42	0	0
47	42	0	0
47	42	0	0
47	42	0	0
47	42	0	0
47	42	0	0
47	60	0	0
47	60	0	0
44	60	0	0
44	49	0	0
44	49	0	0
44	49	0	0
44	49	0	0
44	49	0	0
44	49	0	0
44	44	0	0
44	44	0	0
44	44	0	0
44	44	0	0
44	44	0	0
54	44	0	0
54	44	0	0
54	44	0	0
54	44	0	0
54	44	0	0
54	56	0	0
54	56	0	0
54	56	0	0
54	56	0	0
54	56	0	0
54	56	0	0
47	56	0	0
47	46	0	0
47	46	0	0
47	46	0	0
47	46	0	0
47	46	0	0
47	46	0	0
47	46	0	0
47	46	0	0
47	46	0	0
53	46	0	0
53	46	0	0
53	46	0	0
53	56	0	0
44	56	0	0
44	56	0	0
44	56	0	0
44	56	0	0
44	56	0	0
44	56	0	0
44	56	0	0
44	56	0	0
44	49	0	0
44	49	0	0
44	57	0	0
44	57	0	0
44	57	0	0
41	57	0	0
41	57	0	0
41	57	0	0
41	57	0	0
41	57	0	0
41	57	0	0
41	57	0	0
41	57	0	0
41	57	0	0
41	57	0	0
41	44	0	0
41	44	0	0
41	44	0	0
47	44	0	0
47	44	0	0
47	44	0	0
47	44	0	0
47	44	0	0
47	44	0	0
47	55	0	0
47	55	0	0
47	55	0	0
47	55	0	0
47	55	0	0
47	55	0	0
47	55	0	0
47	55	0	0
45	55	0	0
45	55	0	0
45	55	0	0
45	55	0	0
45	55	0	0
45	55	0	0
45	55	0	0
45	55	0	0
52	55	0	0
52	55	0	0
52	55	0	0
52	55	0	0
52	55	0	0
52	55	0	0
52	43	0	0
52	43	0	0
52	43	0	0
52	43	0	0
52	43	0	0
52	43	0	0
52	43	0	0
38	43	0	0
38	43	0	0
54	37	0	0
54	37	0	0
54	37	0	0
54	37	0	0
54	37	0	0
54	37	0	0
54	37	0	0
54	37	0	0
40	37	0	0
40	37	0	0
40	37	0	0
53	37	0	0
53	37	0	0
53	50	0	0
43	50	0	0
43	50	0	0
57	50	0	0
57	50	0	0
57	50	0	0
57	50	0	0
57	50	0	0
57	50	0	0
57	44	0	0
57	44	0	0
57	44	0	0
57	44	0	0
57	44	0	0
57	44	0	0
56	44	0	0
56	44	0	0
40	44	0	0
40	44	0	0
40	44	0	0
40	47	0	0
40	47	0	0
40	47	0	0
40	50	0	0
40	50	0	0
40	50	0	0
40	50	0	0
41	50	0	0
41	50	0	0
41	50	0	0
57	50	0	0
57	50	0	0
57	54	0	0
50	54	0	0
50	54	0	0
50	54	0	0
50	57	0	0
50	57	0	0
50	57	0	0
50	57	0	0
50	57	0	0
50	57	0	0
50	57	0	0
50	57	0	0
50	57	0	0
50	57	0	0
50	45	0	0
57	49	0	0
57	49	0	0
57	49	0	0
57	49	0	0
57	45	0	0
57	45	0	0
57	45	0	0
57	45	0	0
57	45	0	0
57	45	0	0
57	50	0	0
45	50	0	0
45	50	0	0
45	50	0	0
45	50	0	0
45	50	0	0
52	59	0	0
52	59	0	0
52	59	0	0
52	59	0	0
52	40	0	0
52	40	0	0
52	40	0	0
52	40	0	0
52	40	0	0
52	40	0	0
52	40	0	0
52	40	0	0
55	40	0	0
59	40	0	0
59	40	0	0
59	40	0	0
59	54	0	0
59	54	0	0
59	54	0	0
59	54	0	0
59	54	0	0
59	54	0	0
59	54	0	0
59	54	0	0
59	54	0	0
59	54	0	0
59	54	0	0
59	54	0	0
59	54	0	0
59	54	0	0
59	44	0	0
59	44	0	0
59	45	0	0
59	45	0	0
59	45	0	0
59	45	0	0
59	45	0	0
59	45	0	0
59	45	0	0
59	45	0	0
59	45	0	0
49	44	0	0
49	44	0	0
49	44	0	0
49	44	0	0
49	44	0	0
49	44	0	0
49	44	0	0
49	44	0	0
49	44	0	0
49	44	0	0
49	44	0	0
49	47	0	0
49	47	0	0
49	47	0	0
55	47	0	0
55	47	0	0
55	47	0	0
55	47	0	0
55	47	0	0
55	47	0	0
55	47	0	0
55	47	0	0
55	52	0	0
55	52	0	0
59	57	0	0
59	57	0	0
59	57	0	0
59	57	0	0
59	44	0	0
59	44	0	0
59	44	0	0
59	44	0	0
59	44	0	0
56	44	0	0
56	44	0	0
56	44	0	0
56	44	0	0
56	44	0	0
56	44	0	0
56	44	0	0
56	58	0	0
56	45	0	0
54	45	0	0
54	45	0	0
54	45	0	0
54	45	0	0
54	45	0	0
54	45	0	0
54	45	0	0
54	45	0	0
54	45	0	0
54	45	0	0
54	38	0	0
54	38	0	0
54	38	0	0
59	38	0	0
59	38	0	0
59	42	0	0
59	42	0	0
59	42	0	0
59	42	0	0
59	42	0	0
59	42	0	0
59	42	0	0
59	42	0	0
59	42	0	0
47	42	0	0
47	42	0	0
47	54	0	0
47	54	0	0
47	54	0	0
47	54	0	0
47	54	0	0
47	54	0	0
47	54	0	0
47	54	0	0
47	40	0	0
47	40	0	0
47	40	0	0
59	40	0	0
59	40	0	0
59	40	0	0
59	40	0	0
59	40	0	0
59	40	0	0
59	40	0	0
59	45	0	0
55	45	0	0
55	45	0	0
55	45	0	0
55	45	0	0
55	45	0	0
57	45	0	0
57	45	0	0
57	45	0	0
57	45	0	0
52	45	0	0
52	45	0	0
52	45	0	0
52	45	0	0
52	49	0	0
52	49	0	0
52	49	0	0
52	49	0	0
52	49	0	0
42	49	0	0
42	49	0	0
42	49	0	0
42	49	0	0
42	59	0	0
42	59	0	0
42	59	0	0
42	59	0	0
42	59	0	0
42	59	0	0
42	59	0	0
52	59	0	0
52	59	0	0
52	59	0	0
52	59	0	0
43	59	0	0
43	59	0	0
43	37	0	0
43	37	0	0
43	37	0	0
40	37	0	0
40	58	0	0
40	58	0	0
40	39	0	0
40	39	0	0
42	39	0	0
42	49	0	0
42	49	0	0
42	49	0	0
42	49	0	0
42	49	0	0
37	49	0	0
37	49	0	0
37	49	0	0
37	49	0	0
37	49	0	0
37	50	0	0
37	50	0	0
37	50	0	0
57	55	0	0
57	55	0	0
57	55	0	0
57	39	0	0
57	56	0	0
57	56	0	0
57	56	0	0
57	56	0	0
57	56	0	0
57	56	0	0
57	56	0	0
57	56	0	0
57	56	0	0
47	60	0	0
47	59	0	0
47	59	0	0
47	59	0	0
47	59	0	0
47	59	0	0
47	59	0	0
47	59	0	0
47	59	0	0
47	38	0	0
47	38	0	0
47	38	0	0
47	38	0	0
59	38	0	0
59	38	0	0
59	38	0	0
59	38	0	0
59	44	0	0
59	44	0	0
59	44	0	0
59	44	0	0
59	44	0	0
59	44	0	0
59	44	0	0
52	44	0	0
52	53	0	0
52	53	0	0
52	53	0	0
52	53	0	0
52	59	0	0
52	59	0	0
52	59	0	0
52	59	0	0
52	59	0	0
52	59	0	0
52	59	0	0
52	59	0	0
52	59	0	0
52	59	0	0
52	59	0	0
52	39	0	0
46	39	0	0
46	39	0	0
46	39	0	0
46	39	0	0
46	39	0	0
46	39	0	0
46	39	0	0
56	39	0	0
56	37	0	0
56	37	0	0
56	37	0	0
56	37	0	0
56	57	0	0
56	57	0	0
56	57	0	0
56	57	0	0
56	57	0	0
56	57	0	0
56	57	0	0
56	57	0	0
56	47	0	0
59	47	0	0
59	47	0	0
59	47	0	0
59	47	0	0
59	47	0	0
59	47	0	0
59	47	0	0
59	47	0	0
59	47	0	0
59	47	0	0
59	47	0	0
59	47	0	0
59	47	0	0
59	50	0	0
54	50	0	0
54	50	0	0
54	50	0	0
54	50	0	0
54	50	0	0
54	50	0	0
54	50	0	0
54	50	0	0
41	50	0	0
50	40	0	0
50	40	0	0
50	40	0	0
50	40	0	0
50	40	0	0
50	40	0	0
50	40	0	0
50	40	0	0
50	40	0	0
50	40	0	0
50	40	0	0
50	40	0	0
49	40	0	0
49	40	0	0
49	54	0	0
49	54	0	0
49	54	0	0
49	54	0	0
49	54	0	0
49	54	0	0
43	54	0	0
43	54	0	0
43	54	0	0
58	54	0	0
58	49	0	0
58	49	0	0
58	59	0	0
58	59	0	0
58	59	0	0
47	59	0	0
47	59	0	0
47	59	0	0
47	59	0	0
47	59	0	0
47	59	0	0
42	59	0	0
42	59	0	0
42	59	0	0
42	59	0	0
42	42	0	0
42	42	0	0
42	42	0	0
51	42	0	0
51	42	0	0
45	42	0	0
45	42	0	0
45	42	0	0
45	42	0	0
45	42	0	0
45	42	0	0
45	42	0	0
45	42	0	0
45	42	0	0
45	52	0	0
57	52	0	0
57	52	0	0
57	52	0	0
57	52	0	0
57	52	0	0
57	52	0	0
57	40	0	0
57	40	0	0
57	40	0	0
57	43	0	0
57	43	0	0
57	43	0	0
60	43	0	0
60	43	0	0
60	43	0	0
60	42	0	0
60	42	0	0
60	42	0	0
46	42	0	0
46	42	0	0
46	42	0	0
46	42	0	0
46	42	0	0
46	42	0	0
46	42	0	0
46	42	0	0
46	42	0	0
38	44	0	0
38	44	0	0
38	44	0	0
38	44	0	0
38	44	0	0
54	44	0	0
54	44	0	0
54	44	0	0
54	44	0	0
54	44	0	0
59	44	0	0
59	44	0	0
59	44	0	0
59	44	0	0
59	42	0	0
59	42	0	0
59	42	0	0
59	42	0	0
59	42	0	0
49	42	0	0
49	42	0	0
49	42	0	0
49	42	0	0
49	42	0	0
51	42	0	0
51	42	0	0
51	42	0	0
51	37	0	0
51	37	0	0
51	37	0	0
51	37	0	0
51	37	0	0
51	37	0	0
51	37	0	0
51	37	0	0
37	57	0	0
37	44	0	0
37	44	0	0
37	44	0	0
37	44	0	0
37	44	0	0
37	44	0	0
37	44	0	0
37	44	0	0
37	44	0	0
37	57	0	0
37	57	0	0
37	57	0	0
37	57	0	0
38	57	0	0
38	57	0	0
38	57	0	0
38	57	0	0
38	57	0	0
38	57	0	0
38	57	0	0
38	57	0	0
38	57	0	0
38	39	0	0
46	39	0	0
46	39	0	0
47	57	0	0
47	57	0	0
48	57	0	0
48	57	0	0
48	57	0	0
48	57	0	0
48	57	0	0
48	57	0	0
48	57	0	0
48	56	0	0
48	56	0	0
48	56	0	0
48	56	0	0
47	56	0	0
47	56	0	0
47	56	0	0
47	56	0	0
47	56	0	0
47	56	0	0
47	56	0	0
47	45	0	0
47	45	0	0
47	45	0	0
57	45	0	0
57	45	0	0
57	45	0	0
57	45	0	0
57	52	0	0
57	52	0	0
57	52	0	0
47	52	0	0
47	52	0	0
47	52	0	0
47	52	0	0
47	52	0	0
47	52	0	0
47	52	0	0
47	57	0	0
47	57	0	0
47	57	0	0
47	57	0	0
38	57	0	0
38	57	0	0
38	57	0	0
38	57	0	0
38	57	0	0
38	57	0	0
38	57	0	0
38	57	0	0
38	59	0	0
38	59	0	0
38	59	0	0
56	59	0	0
56	59	0	0
56	59	0	0
56	59	0	0
56	59	0	0
56	59	0	0
56	59	0	0
56	59	0	0
56	59	0	0
56	59	0	0
56	59	0	0
56	42	0	0
56	42	0	0
56	42	0	0
59	42	0	0
59	42	0	0
59	42	0	0
59	42	0	0
59	42	0	0
59	42	0	0
59	42	0	0
59	42	0	0
52	42	0	0
52	42	0	0
52	42	0	0
52	56	0	0
52	56	0	0
52	56	0	0
59	56	0	0
59	56	0	0
59	56	0	0
59	56	0	0
59	56	0	0
59	45	0	0
59	45	0	0
59	45	0	0
59	45	0	0
59	45	0	0
59	45	0	0
38	45	0	0
38	45	0	0
38	45	0	0
38	45	0	0
38	56	0	0
38	56	0	0
38	56	0	0
38	56	0	0
37	56	0	0
37	56	0	0
37	56	0	0
37	47	0	0
37	47	0	0
37	47	0	0
37	47	0	0
37	47	0	0
37	47	0	0
37	47	0	0
37	47	0	0
54	47	0	0
54	47	0	0
54	47	0	0
54	47	0	0
50	44	0	0
50	44	0	0
50	44	0	0
50	44	0	0
50	44	0	0
47	44	0	0
47	44	0	0
47	44	0	0
47	50	0	0
47	50	0	0
47	50	0	0
57	50	0	0
57	50	0	0
57	49	0	0
57	49	0	0
57	49	0	0
57	49	0	0
57	49	0	0
57	49	0	0
57	58	0	0
57	58	0	0
57	44	0	0
57	44	0	0
59	44	0	0
59	44	0	0
59	44	0	0
59	44	0	0
59	44	0	0
59	44	0	0
59	55	0	0
59	55	0	0
59	55	0	0
59	55	0	0
59	42	0	0
46	42	0	0
46	42	0	0
46	42	0	0
46	42	0	0
46	50	0	0
46	50	0	0
46	50	0	0
46	50	0	0
47	50	0	0
47	50	0	0
47	50	0	0
47	50	0	0
47	50	0	0
47	47	0	0
47	47	0	0
47	47	0	0
47	47	0	0
47	47	0	0
47	47	0	0
47	47	0	0
47	47	0	0
47	47	0	0
52	47	0	0
52	47	0	0
52	49	0	0
52	49	0	0
52	49	0	0
52	49	0	0
52	49	0	0
52	49	0	0
52	49	0	0
52	49	0	0
52	37	0	0
52	37	0	0
52	37	0	0
40	37	0	0
40	37	0	0
40	37	0	0
40	37	0	0
40	37	0	0
40	37	0	0
40	37	0	0
40	45	0	0
40	45	0	0
37	45	0	0
37	45	0	0
37	45	0	0
37	45	0	0
37	45	0	0
37	45	0	0
37	45	0	0
37	52	0	0
37	52	0	0
37	52	0	0
37	52	0	0
37	52	0	0
37	52	0	0
37	52	0	0
37	52	0	0
37	44	0	0
37	44	0	0
37	45	0	0
37	45	0	0
37	45	0	0
49	45	0	0
49	45	0	0
49	45	0	0
49	45	0	0
49	45	0	0
49	45	0	0
49	45	0	0
49	52	0	0
49	52	0	0
49	52	0	0
49	52	0	0
45	52	0	0
45	52	0	0
45	52	0	0
45	52	0	0
45	52	0	0
45	52	0	0
45	52	0	0
45	54	0	0
42	54	0	0
42	54	0	0
42	54	0	0
42	54	0	0
42	54	0	0
42	54	0	0
42	54	0	0
49	54	0	0
49	54	0	0
49	54	0	0
49	54	0	0
49	54	0	0
49	54	0	0
47	56	0	0
47	56	0	0
47	56	0	0
37	56	0	0
37	56	0	0
37	56	0	0
37	56	0	0
37	56	0	0
37	56	0	0
37	56	0	0
37	56	0	0
37	44	0	0
37	44	0	0
37	44	0	0
37	44	0	0
37	44	0	0
37	44	0	0
37	44	0	0
37	44	0	0
37	44	0	0
56	44	0	0
56	44	0	0
56	44	0	0
56	45	0	0
56	45	0	0
56	45	0	0
56	45	0	0
56	45	0	0
56	45	0	0
56	45	0	0
56	45	0	0
38	45	0	0
38	45	0	0
38	37	0	0
38	37	0	0
38	37	0	0
38	37	0	0
38	40	0	0
38	40	0	0
38	40	0	0
38	40	0	0
38	40	0	0
38	40	0	0
38	40	0	0
38	40	0	0
37	40	0	0
37	40	0	0
37	40	0	0
37	40	0	0
37	52	0	0
37	52	0	0
37	52	0	0
47	52	0	0
47	52	0	0
47	52	0	0
47	52	0	0
47	52	0	0
47	52	0	0
47	52	0	0
47	52	0	0
42	52	0	0
42	52	0	0
42	45	0	0
42	45	0	0
42	45	0	0
42	45	0	0
42	45	0	0
42	45	0	0
42	38	0	0
42	38	0	0
54	38	0	0
54	38	0	0
54	38	0	0
54	38	0	0
54	38	0	0
42	38	0	0
52	38	0	0
52	38	0	0
52	38	0	0
52	38	0	0
52	58	0	0
52	58	0	0
52	58	0	0
38	49	0	0
38	49	0	0
38	49	0	0
38	49	0	0
38	40	0	0
38	40	0	0
38	40	0	0
38	40	0	0
38	40	0	0
38	40	0	0
38	40	0	0
38	40	0	0
38	40	0	0
38	40	0	0
44	38	0	0
44	38	0	0
44	38	0	0
44	38	0	0
44	38	0	0
44	38	0	0
44	38	0	0
59	38	0	0
59	38	0	0
59	48	0	0
59	48	0	0
59	48	0	0
59	48	0	0
59	48	0	0
59	48	0	0
59	48	0	0
59	48	0	0
59	48	0	0
59	48	0	0
59	48	0	0
59	48	0	0
40	48	0	0
40	40	0	0
40	40	0	0
40	40	0	0
40	40	0	0
40	38	0	0
40	38	0	0
40	38	0	0
40	38	0	0
44	38	0	0
44	38	0	0
44	38	0	0
44	38	0	0
44	38	0	0
44	38	0	0
40	48	0	0
40	48	0	0
40	48	0	0
40	48	0	0
40	46	0	0
40	46	0	0
40	46	0	0
40	57	0	0
40	57	0	0
45	57	0	0
45	47	0	0
45	47	0	0
45	47	0	0
45	47	0	0
45	47	0	0
45	47	0	0
57	47	0	0
57	58	0	0
57	58	0	0
57	58	0	0
57	58	0	0
57	39	0	0
46	39	0	0
46	39	0	0
42	39	0	0
42	39	0	0
42	39	0	0
42	39	0	0
42	37	0	0
42	37	0	0
42	37	0	0
42	37	0	0
42	37	0	0
42	37	0	0
42	37	0	0
42	37	0	0
42	37	0	0
44	37	0	0
44	37	0	0
44	37	0	0
44	51	0	0
44	51	0	0
44	51	0	0
44	51	0	0
44	51	0	0
60	51	0	0
54	52	0	0
54	52	0	0
54	52	0	0
54	52	0	0
54	52	0	0
54	52	0	0
56	52	0	0
56	52	0	0
56	52	0	0
56	42	0	0
56	42	0	0
56	42	0	0
56	42	0	0
56	42	0	0
56	42	0	0
56	42	0	0
56	42	0	0
56	42	0	0
52	42	0	0
52	42	0	0
52	42	0	0
52	42	0	0
54	42	0	0
54	51	0	0
54	51	0	0
54	51	0	0
54	51	0	0
54	51	0	0
54	51	0	0
54	51	0	0
54	51	0	0
54	51	0	0
54	51	0	0
54	45	0	0
54	45	0	0
54	45	0	0
42	45	0	0
42	45	0	0
42	45	0	0
42	45	0	0
42	45	0	0
42	52	0	0
42	52	0	0
42	52	0	0
42	52	0	0
42	52	0	0
42	52	0	0
42	52	0	0
42	52	0	0
45	52	0	0
45	52	0	0
45	52	0	0
45	41	0	0
37	41	0	0
37	41	0	0
37	41	0	0
37	41	0	0
37	41	0	0
37	38	0	0
37	38	0	0
37	38	0	0
37	38	0	0
37	38	0	0
37	38	0	0
37	38	0	0
50	38	0	0
50	38	0	0
50	38	0	0
50	38	0	0
50	38	0	0
50	38	0	0
50	38	0	0
50	54	0	0
50	54	0	0
50	54	0	0
59	54	0	0
59	54	0	0
59	54	0	0
59	54	0	0
59	54	0	0
59	54	0	0
59	54	0	0
42	54	0	0
42	54	0	0
42	54	0	0
42	54	0	0
42	54	0	0
42	54	0	0
42	54	0	0
42	49	0	0
54	49	0	0
54	49	0	0
54	49	0	0
54	49	0	0
54	56	0	0
54	56	0	0
54	56	0	0
54	56	0	0
54	56	0	0
54	56	0	0
54	56	0	0
54	54	0	0
59	54	0	0
59	54	0	0
59	54	0	0
51	54	0	0
51	54	0	0
51	54	0	0
51	54	0	0
51	54	0	0
51	54	0	0
51	54	0	0
51	47	0	0
59	47	0	0
59	47	0	0
59	47	0	0
59	47	0	0
59	47	0	0
59	47	0	0
59	49	0	0
59	49	0	0
59	49	0	0
59	49	0	0
59	49	0	0
59	37	0	0
59	37	0	0
56	37	0	0
56	37	0	0
56	37	0	0
56	37	0	0
56	37	0	0
56	37	0	0
56	37	0	0
56	37	0	0
56	37	0	0
56	37	0	0
56	37	0	0
56	49	0	0
56	49	0	0
56	49	0	0
52	49	0	0
52	49	0	0
52	49	0	0
52	49	0	0
52	49	0	0
54	49	0	0
54	49	0	0
54	49	0	0
44	49	0	0
44	49	0	0
44	46	0	0
44	46	0	0
44	46	0	0
44	46	0	0
44	46	0	0
44	46	0	0
44	56	0	0
44	56	0	0
44	56	0	0
44	56	0	0
44	56	0	0
44	56	0	0
50	56	0	0
50	43	0	0
50	57	0	0
50	57	0	0
50	57	0	0
50	57	0	0
50	57	0	0
50	57	0	0
50	57	0	0
50	57	0	0
49	57	0	0
49	57	0	0
49	57	0	0
49	57	0	0
49	57	0	0
49	52	0	0
49	52	0	0
49	52	0	0
59	52	0	0
59	52	0	0
59	52	0	0
59	60	0	0
59	60	0	0
59	60	0	0
59	60	0	0
45	60	0	0
45	46	0	0
45	46	0	0
45	46	0	0
45	46	0	0
45	46	0	0
45	59	0	0
50	40	0	0
50	40	0	0
50	40	0	0
50	40	0	0
50	40	0	0
50	40	0	0
50	40	0	0
50	40	0	0
50	40	0	0
50	40	0	0
50	40	0	0
50	40	0	0
44	40	0	0
44	46	0	0
44	46	0	0
44	46	0	0
44	46	0	0
44	46	0	0
44	46	0	0
44	46	0	0
44	46	0	0
44	46	0	0
42	46	0	0
42	59	0	0
42	59	0	0
42	59	0	0
42	59	0	0
42	59	0	0
42	59	0	0
38	53	0	0
38	53	0	0
38	53	0	0
38	53	0	0
38	42	0	0
38	42	0	0
38	42	0	0
38	42	0	0
38	42	0	0
38	42	0	0
38	45	0	0
38	45	0	0
37	45	0	0
37	45	0	0
37	45	0	0
37	45	0	0
37	45	0	0
37	45	0	0
37	46	0	0
37	46	0	0
37	46	0	0
37	46	0	0
37	46	0	0
51	46	0	0
51	46	0	0
51	46	0	0
51	46	0	0
51	46	0	0
51	44	0	0
51	44	0	0
51	44	0	0
53	44	0	0
53	44	0	0
53	44	0	0
53	44	0	0
53	57	0	0
49	57	0	0
49	57	0	0
49	57	0	0
49	57	0	0
49	57	0	0
49	57	0	0
49	57	0	0
49	57	0	0
41	57	0	0
41	57	0	0
50	57	0	0
50	57	0	0
50	57	0	0
50	45	0	0
50	45	0	0
50	45	0	0
50	45	0	0
50	45	0	0
50	45	0	0
50	45	0	0
50	45	0	0
50	45	0	0
50	45	0	0
50	45	0	0
40	45	0	0
40	45	0	0
40	45	0	0
40	45	0	0
40	45	0	0
40	45	0	0
40	40	0	0
40	40	0	0
40	40	0	0
40	40	0	0
40	40	0	0
40	40	0	0
40	40	0	0
40	40	0	0
56	40	0	0
56	40	0	0
56	40	0	0
56	42	0	0
56	42	0	0
56	42	0	0
56	42	0	0
56	42	0	0
56	42	0	0
45	42	0	0
45	42	0	0
45	42	0	0
45	42	0	0
45	42	0	0
45	42	0	0
45	42	0	0
45	42	0	0
45	47	0	0
54	47	0	0
38	47	0	0
38	47	0	0
42	55	0	0
59	55	0	0
59	55	0	0
59	55	0	0
59	43	0	0
59	52	0	0
59	52	0	0
59	52	0	0
59	52	0	0
59	52	0	0
59	52	0	0
59	52	0	0
59	52	0	0
59	52	0	0
37	52	0	0
37	48	0	0
37	48	0	0
37	48	0	0
37	48	0	0
37	48	0	0
37	48	0	0
37	48	0	0
37	48	0	0
37	48	0	0
37	50	0	0
37	50	0	0
54	50	0	0
54	50	0	0
54	50	0	0
57	50	0	0
57	50	0	0
57	50	0	0
57	50	0	0
57	42	0	0
57	42	0	0
57	42	0	0
49	42	0	0
49	42	0	0
49	42	0	0
49	42	0	0
49	42	0	0
49	42	0	0
49	42	0	0
45	42	0	0
45	42	0	0
45	42	0	0
45	56	0	0
45	56	0	0
45	56	0	0
45	56	0	0
45	56	0	0
45	56	0	0
45	56	0	0
45	56	0	0
45	56	0	0
45	56	0	0
45	56	0	0
48	56	0	0
48	56	0	0
48	56	0	0
48	43	0	0
48	43	0	0
48	43	0	0
48	43	0	0
37	43	0	0
37	43	0	0
55	43	0	0
55	43	0	0
55	43	0	0
55	43	0	0
55	60	0	0
55	60	0	0
55	60	0	0
55	60	0	0
55	60	0	0
55	60	0	0
56	60	0	0
56	38	0	0
44	38	0	0
44	38	0	0
44	38	0	0
44	38	0	0
44	38	0	0
44	38	0	0
44	38	0	0
44	38	0	0
44	38	0	0
44	38	0	0
44	38	0	0
54	38	0	0
57	38	0	0
57	38	0	0
57	52	0	0
57	52	0	0
57	52	0	0
57	52	0	0
57	52	0	0
57	57	0	0
57	57	0	0
57	57	0	0
57	57	0	0
45	57	0	0
45	57	0	0
45	57	0	0
45	57	0	0
45	57	0	0
45	41	0	0
45	41	0	0
45	41	0	0
45	41	0	0
45	47	0	0
45	47	0	0
45	47	0	0
38	47	0	0
38	47	0	0
38	47	0	0
38	47	0	0
38	47	0	0
38	56	0	0
44	56	0	0
44	56	0	0
44	56	0	0
44	56	0	0
44	56	0	0
44	56	0	0
59	56	0	0
59	56	0	0
59	56	0	0
59	56	0	0
59	56	0	0
59	56	0	0
59	41	0	0
59	41	0	0
59	41	0	0
59	41	0	0
59	41	0	0
59	41	0	0
38	41	0	0
38	41	0	0
38	41	0	0
38	41	0	0
38	56	0	0
38	56	0	0
38	56	0	0
38	56	0	0
38	59	0	0
38	59	0	0
38	59	0	0
56	59	0	0
56	59	0	0
56	59	0	0
56	59	0	0
56	59	0	0
56	59	0	0
56	59	0	0
56	59	0	0
56	59	0	0
56	59	0	0
37	47	0	0
37	47	0	0
37	47	0	0
37	47	0	0
37	47	0	0
37	47	0	0
37	54	0	0
37	54	0	0
37	54	0	0
37	54	0	0
37	54	0	0
37	54	0	0
37	54	0	0
37	54	0	0
49	54	0	0
49	54	0	0
49	54	0	0
49	54	0	0
49	50	0	0
49	50	0	0
49	50	0	0
49	50	0	0
49	50	0	0
49	50	0	0
49	50	0	0
49	50	0	0
49	50	0	0
49	50	0	0
38	50	0	0
38	50	0	0
38	50	0	0
38	39	0	0
38	39	0	0
38	39	0	0
38	40	0	0
38	40	0	0
38	40	0	0
38	40	0	0
52	40	0	0
52	40	0	0
52	40	0	0
52	40	0	0
52	40	0	0
52	40	0	0
52	40	0	0
52	40	0	0
52	40	0	0
52	40	0	0
42	37	0	0
42	37	0	0
42	37	0	0
42	37	0	0
42	37	0	0
42	37	0	0
42	37	0	0
42	37	0	0
42	37	0	0
42	52	0	0
42	52	0	0
42	52	0	0
59	52	0	0
59	52	0	0
59	52	0	0
59	52	0	0
59	52	0	0
59	52	0	0
59	59	0	0
54	59	0	0
54	59	0	0
54	59	0	0
54	59	0	0
54	59	0	0
54	59	0	0
54	59	0	0
54	59	0	0
54	59	0	0
54	59	0	0
54	53	0	0
54	53	0	0
54	53	0	0
59	53	0	0
59	53	0	0
59	40	0	0
59	40	0	0
59	60	0	0
59	60	0	0
59	60	0	0
59	60	0	0
59	60	0	0
59	60	0	0
59	60	0	0
59	60	0	0
56	60	0	0
56	60	0	0
56	47	0	0
56	47	0	0
56	47	0	0
38	47	0	0
38	47	0	0
54	47	0	0
54	47	0	0
54	47	0	0
54	47	0	0
54	47	0	0
54	47	0	0
54	47	0	0
54	47	0	0
54	38	0	0
54	38	0	0
54	38	0	0
54	38	0	0
54	38	0	0
54	38	0	0
47	38	0	0
47	38	0	0
47	38	0	0
47	38	0	0
47	53	0	0
47	53	0	0
47	53	0	0
47	53	0	0
47	53	0	0
38	53	0	0
38	53	0	0
38	53	0	0
38	53	0	0
38	53	0	0
38	53	0	0
38	53	0	0
38	50	0	0
38	50	0	0
38	50	0	0
38	50	0	0
59	50	0	0
59	50	0	0
59	50	0	0
59	50	0	0
59	50	0	0
59	52	0	0
59	52	0	0
57	52	0	0
57	52	0	0
57	52	0	0
57	52	0	0
57	52	0	0
57	52	0	0
57	52	0	0
57	52	0	0
57	46	0	0
57	46	0	0
57	46	0	0
57	46	0	0
57	46	0	0
57	48	0	0
51	48	0	0
51	48	0	0
51	48	0	0
51	48	0	0
51	48	0	0
51	48	0	0
51	48	0	0
51	48	0	0
51	48	0	0
51	48	0	0
54	48	0	0
54	48	0	0
54	48	0	0
54	59	0	0
37	59	0	0
37	59	0	0
37	59	0	0
37	59	0	0
37	59	0	0
37	59	0	0
52	59	0	0
52	59	0	0
52	59	0	0
52	59	0	0
52	59	0	0
52	59	0	0
52	41	0	0
52	41	0	0
52	41	0	0
52	41	0	0
52	41	0	0
52	41	0	0
52	49	0	0
46	49	0	0
46	49	0	0
46	49	0	0
58	49	0	0
58	49	0	0
58	49	0	0
58	49	0	0
58	49	0	0
58	49	0	0
58	49	0	0
58	59	0	0
58	59	0	0
58	59	0	0
51	59	0	0
47	59	0	0
52	59	0	0
52	59	0	0
52	59	0	0
52	59	0	0
52	59	0	0
52	59	0	0
52	59	0	0
52	59	0	0
52	59	0	0
52	57	0	0
52	57	0	0
45	57	0	0
45	57	0	0
45	57	0	0
45	57	0	0
45	42	0	0
45	42	0	0
45	42	0	0
45	42	0	0
45	42	0	0
49	42	0	0
49	42	0	0
49	42	0	0
49	42	0	0
49	42	0	0
49	42	0	0
49	42	0	0
49	42	0	0
49	47	0	0
49	47	0	0
59	47	0	0
59	47	0	0
59	47	0	0
59	47	0	0
59	47	0	0
59	47	0	0
59	47	0	0
59	37	0	0
59	37	0	0
59	37	0	0
59	37	0	0
59	37	0	0
59	37	0	0
59	37	0	0
52	37	0	0
52	37	0	0
52	37	0	0
52	37	0	0
52	37	0	0
52	37	0	0
52	37	0	0
52	50	0	0
52	50	0	0
52	50	0	0
52	50	0	0
52	50	0	0
52	50	0	0
52	50	0	0
52	50	0	0
52	55	0	0
59	55	0	0
59	55	0	0
59	55	0	0
59	55	0	0
59	55	0	0
59	55	0	0
59	55	0	0
59	55	0	0
59	55	0	0
59	42	0	0
56	42	0	0
56	42	0	0
56	42	0	0
56	42	0	0
56	42	0	0
56	42	0	0
56	42	0	0
56	42	0	0
56	42	0	0
56	42	0	0
54	42	0	0
54	42	0	0
54	50	0	0
54	50	0	0
54	50	0	0
54	50	0	0
54	50	0	0
54	50	0	0
47	50	0	0
47	50	0	0
47	50	0	0
47	50	0	0
43	50	0	0
43	50	0	0
43	51	0	0
43	51	0	0
43	51	0	0
43	51	0	0
43	51	0	0
43	51	0	0
43	55	0	0
43	55	0	0
43	53	0	0
43	40	0	0
43	40	0	0
43	40	0	0
55	40	0	0
55	40	0	0
55	40	0	0
55	40	0	0
55	40	0	0
55	59	0	0
55	59	0	0
55	59	0	0
38	59	0	0
38	59	0	0
38	59	0	0
38	59	0	0
38	59	0	0
38	59	0	0
38	59	0	0
38	59	0	0
38	59	0	0
38	59	0	0
57	56	0	0
57	56	0	0
57	56	0	0
57	56	0	0
57	56	0	0
57	56	0	0
57	56	0	0
57	56	0	0
57	56	0	0
57	56	0	0
57	56	0	0
57	56	0	0
57	56	0	0
47	56	0	0
47	49	0	0
47	49	0	0
47	49	0	0
47	49	0	0
47	49	0	0
47	49	0	0
47	49	0	0
47	49	0	0
47	49	0	0
47	44	0	0
47	44	0	0
59	44	0	0
59	44	0	0
59	44	0	0
59	44	0	0
59	44	0	0
59	49	0	0
59	49	0	0
59	49	0	0
59	49	0	0
54	49	0	0
54	49	0	0
54	49	0	0
54	49	0	0
54	49	0	0
54	49	0	0
54	49	0	0
54	49	0	0
54	37	0	0
54	37	0	0
54	37	0	0
54	40	0	0
54	40	0	0
54	40	0	0
37	40	0	0
37	40	0	0
37	40	0	0
37	40	0	0
37	40	0	0
55	40	0	0
55	40	0	0
55	40	0	0
47	40	0	0
47	40	0	0
47	40	0	0
47	43	0	0
47	49	0	0
47	49	0	0
47	49	0	0
47	49	0	0
47	44	0	0
56	44	0	0
56	44	0	0
56	44	0	0
56	44	0	0
56	44	0	0
56	44	0	0
49	44	0	0
49	44	0	0
49	57	0	0
49	57	0	0
49	57	0	0
49	57	0	0
49	57	0	0
49	39	0	0
49	39	0	0
49	39	0	0
49	54	0	0
38	54	0	0
38	54	0	0
38	54	0	0
38	54	0	0
38	54	0	0
38	38	0	0
38	38	0	0
38	38	0	0
42	38	0	0
42	38	0	0
42	38	0	0
42	38	0	0
42	38	0	0
42	38	0	0
42	38	0	0
42	38	0	0
42	38	0	0
42	57	0	0
47	57	0	0
47	57	0	0
47	57	0	0
47	57	0	0
47	57	0	0
47	57	0	0
47	57	0	0
60	57	0	0
60	57	0	0
60	42	0	0
60	42	0	0
60	42	0	0
60	42	0	0
60	42	0	0
60	42	0	0
60	42	0	0
56	54	0	0
56	54	0	0
56	54	0	0
56	54	0	0
56	54	0	0
56	54	0	0
56	54	0	0
56	54	0	0
56	54	0	0
56	54	0	0
56	54	0	0
56	41	0	0
56	41	0	0
49	41	0	0
49	41	0	0
49	41	0	0
49	41	0	0
49	41	0	0
49	41	0	0
49	41	0	0
49	41	0	0
49	41	0	0
49	41	0	0
49	41	0	0
49	57	0	0
49	57	0	0
42	57	0	0
42	57	0	0
42	57	0	0
42	57	0	0
42	57	0	0
42	57	0	0
42	57	0	0
42	57	0	0
42	57	0	0
42	48	0	0
42	48	0	0
42	48	0	0
42	50	0	0
42	50	0	0
44	50	0	0
44	50	0	0
44	50	0	0
44	50	0	0
45	50	0	0
45	50	0	0
45	50	0	0
45	50	0	0
45	50	0	0
45	50	0	0
45	50	0	0
45	45	0	0
45	45	0	0
45	45	0	0
50	45	0	0
50	45	0	0
50	45	0	0
50	45	0	0
50	38	0	0
50	38	0	0
50	38	0	0
50	38	0	0
50	38	0	0
59	38	0	0
59	38	0	0
59	38	0	0
59	38	0	0
59	45	0	0
59	45	0	0
59	45	0	0
59	45	0	0
60	45	0	0
60	45	0	0
52	45	0	0
52	45	0	0
52	38	0	0
52	38	0	0
52	38	0	0
52	39	0	0
52	39	0	0
52	39	0	0
52	39	0	0
52	58	0	0
52	58	0	0
52	58	0	0
52	58	0	0
52	58	0	0
46	58	0	0
46	57	0	0
46	57	0	0
46	57	0	0
46	57	0	0
46	57	0	0
46	42	0	0
46	42	0	0
46	42	0	0
46	42	0	0
46	50	0	0
46	50	0	0
46	50	0	0
47	50	0	0
47	50	0	0
47	50	0	0
47	50	0	0
47	50	0	0
47	50	0	0
47	50	0	0
47	50	0	0
47	50	0	0
47	50	0	0
47	50	0	0
47	37	0	0
47	37	0	0
44	37	0	0
44	37	0	0
44	37	0	0
44	37	0	0
44	37	0	0
44	37	0	0
44	37	0	0
44	37	0	0
44	37	0	0
45	37	0	0
45	37	0	0
45	48	0	0
45	48	0	0
45	48	0	0
45	48	0	0
45	48	0	0
45	48	0	0
45	48	0	0
45	48	0	0
45	48	0	0
45	48	0	0
45	60	0	0
45	60	0	0
45	60	0	0
45	60	0	0
45	52	0	0
45	52	0	0
45	52	0	0
45	52	0	0
45	52	0	0
45	52	0	0
45	51	0	0
45	51	0	0
45	51	0	0
45	51	0	0
56	51	0	0
56	51	0	0
56	51	0	0
56	51	0	0
55	51	0	0
55	59	0	0
55	59	0	0
55	59	0	0
55	59	0	0
55	59	0	0
52	59	0	0
52	59	0	0
52	59	0	0
52	59	0	0
52	59	0	0
52	40	0	0
52	40	0	0
52	40	0	0
52	40	0	0
52	40	0	0
44	40	0	0
44	40	0	0
44	40	0	0
44	40	0	0
48	40	0	0
48	40	0	0
48	40	0	0
48	40	0	0
48	40	0	0
48	52	0	0
48	52	0	0
48	52	0	0
48	52	0	0
48	52	0	0
48	52	0	0
48	52	0	0
37	52	0	0
37	52	0	0
37	42	0	0
37	42	0	0
37	42	0	0
37	42	0	0
37	42	0	0
37	42	0	0
37	42	0	0
37	42	0	0
37	42	0	0
37	42	0	0
37	48	0	0
57	48	0	0
57	48	0	0
57	48	0	0
57	48	0	0
57	48	0	0
57	48	0	0
57	48	0	0
57	48	0	0
57	48	0	0
57	48	0	0
57	48	0	0
57	52	0	0
43	52	0	0
43	52	0	0
43	52	0	0
43	52	0	0
43	52	0	0
43	52	0	0
43	52	0	0
43	52	0	0
43	52	0	0
59	52	0	0
59	52	0	0
59	52	0	0
59	52	0	0
59	47	0	0
59	45	0	0
59	45	0	0
59	45	0	0
59	45	0	0
59	45	0	0
59	45	0	0
60	45	0	0
60	45	0	0
60	45	0	0
60	45	0	0
60	45	0	0
60	45	0	0
60	45	0	0
42	45	0	0
42	38	0	0
42	38	0	0
42	38	0	0
42	38	0	0
42	38	0	0
42	38	0	0
42	38	0	0
42	38	0	0
42	38	0	0
42	38	0	0
42	38	0	0
42	50	0	0
42	50	0	0
45	50	0	0
45	50	0	0
45	56	0	0
45	56	0	0
45	56	0	0
45	56	0	0
45	56	0	0
45	56	0	0
45	56	0	0
45	56	0	0
45	56	0	0
45	56	0	0
40	56	0	0
40	56	0	0
40	42	0	0
47	42	0	0
47	42	0	0
47	42	0	0
47	42	0	0
47	42	0	0
47	42	0	0
57	42	0	0
57	42	0	0
57	42	0	0
57	42	0	0
57	42	0	0
57	42	0	0
57	42	0	0
57	43	0	0
57	43	0	0
57	43	0	0
57	52	0	0
55	52	0	0
55	40	0	0
55	40	0	0
55	40	0	0
55	40	0	0
55	40	0	0
55	40	0	0
55	40	0	0
55	40	0	0
55	40	0	0
55	54	0	0
55	54	0	0
55	54	0	0
55	54	0	0
59	54	0	0
59	54	0	0
59	54	0	0
59	54	0	0
59	54	0	0
59	54	0	0
59	54	0	0
59	54	0	0
46	54	0	0
46	59	0	0
46	59	0	0
46	59	0	0
46	59	0	0
46	59	0	0
44	59	0	0
44	59	0	0
44	59	0	0
44	59	0	0
44	59	0	0
44	59	0	0
44	59	0	0
44	59	0	0
44	59	0	0
44	38	0	0
44	38	0	0
44	38	0	0
44	38	0	0
44	37	0	0
52	37	0	0
52	37	0	0
52	37	0	0
52	37	0	0
52	37	0	0
52	37	0	0
52	37	0	0
52	37	0	0
52	37	0	0
52	37	0	0
52	37	0	0
44	37	0	0
44	37	0	0
44	50	0	0
44	50	0	0
44	50	0	0
44	47	0	0
44	47	0	0
44	47	0	0
44	47	0	0
44	37	0	0
44	37	0	0
44	37	0	0
44	37	0	0
46	37	0	0
46	37	0	0
46	37	0	0
46	37	0	0
42	37	0	0
49	37	0	0
49	37	0	0
49	37	0	0
49	37	0	0
49	48	0	0
49	48	0	0
49	48	0	0
49	48	0	0
49	48	0	0
48	48	0	0
48	48	0	0
48	48	0	0
48	48	0	0
48	48	0	0
48	48	0	0
48	45	0	0
48	45	0	0
48	45	0	0
48	45	0	0
48	45	0	0
48	45	0	0
37	45	0	0
37	45	0	0
37	45	0	0
37	45	0	0
57	45	0	0
57	45	0	0
57	45	0	0
57	37	0	0
57	37	0	0
57	37	0	0
57	37	0	0
57	37	0	0
57	37	0	0
57	37	0	0
57	37	0	0
57	56	0	0
57	56	0	0
44	56	0	0
44	56	0	0
44	49	0	0
44	49	0	0
44	49	0	0
44	49	0	0
44	49	0	0
44	49	0	0
44	49	0	0
44	49	0	0
54	49	0	0
54	49	0	0
54	49	0	0
54	49	0	0
54	49	0	0
56	42	0	0
56	42	0	0
56	42	0	0
56	45	0	0
56	45	0	0
56	45	0	0
56	45	0	0
56	45	0	0
56	45	0	0
38	45	0	0
38	45	0	0
38	45	0	0
38	45	0	0
38	45	0	0
38	45	0	0
38	48	0	0
57	48	0	0
57	48	0	0
57	48	0	0
57	48	0	0
57	48	0	0
57	48	0	0
57	48	0	0
57	48	0	0
57	48	0	0
57	48	0	0
57	48	0	0
57	37	0	0
57	37	0	0
53	37	0	0
53	37	0	0
53	37	0	0
53	37	0	0
40	37	0	0
40	37	0	0
40	37	0	0
40	37	0	0
40	37	0	0
40	59	0	0
40	59	0	0
40	59	0	0
40	59	0	0
37	59	0	0
37	59	0	0
37	59	0	0
37	59	0	0
37	59	0	0
37	59	0	0
37	59	0	0
37	59	0	0
37	59	0	0
37	37	0	0
45	37	0	0
45	37	0	0
45	37	0	0
45	37	0	0
45	37	0	0
45	37	0	0
45	37	0	0
45	37	0	0
44	54	0	0
44	54	0	0
44	54	0	0
44	54	0	0
44	54	0	0
44	54	0	0
44	54	0	0
44	54	0	0
44	54	0	0
44	54	0	0
44	54	0	0
44	54	0	0
44	55	0	0
44	55	0	0
52	55	0	0
52	55	0	0
52	55	0	0
52	55	0	0
52	55	0	0
52	55	0	0
52	55	0	0
52	55	0	0
52	55	0	0
52	44	0	0
52	44	0	0
52	44	0	0
52	44	0	0
52	44	0	0
41	44	0	0
41	44	0	0
47	44	0	0
47	44	0	0
47	44	0	0
47	44	0	0
47	44	0	0
47	44	0	0
47	44	0	0
47	42	0	0
47	42	0	0
47	42	0	0
47	42	0	0
47	42	0	0
44	42	0	0
44	42	0	0
44	42	0	0
44	57	0	0
44	57	0	0
44	57	0	0
44	57	0	0
49	57	0	0
49	57	0	0
49	57	0	0
49	57	0	0
49	57	0	0
49	57	0	0
49	57	0	0
49	44	0	0
59	44	0	0
59	44	0	0
59	44	0	0
59	44	0	0
59	44	0	0
59	44	0	0
59	44	0	0
59	44	0	0
59	44	0	0
59	44	0	0
59	44	0	0
59	37	0	0
45	37	0	0
45	37	0	0
45	37	0	0
45	37	0	0
45	37	0	0
45	37	0	0
45	37	0	0
45	37	0	0
45	37	0	0
45	37	0	0
45	37	0	0
45	37	0	0
45	37	0	0
57	54	0	0
57	54	0	0
57	57	0	0
57	57	0	0
57	57	0	0
57	57	0	0
57	57	0	0
57	56	0	0
57	56	0	0
57	56	0	0
59	56	0	0
59	56	0	0
59	56	0	0
59	56	0	0
59	56	0	0
59	56	0	0
59	56	0	0
59	56	0	0
59	56	0	0
59	56	0	0
59	46	0	0
37	46	0	0
37	46	0	0
37	46	0	0
37	46	0	0
37	56	0	0
37	56	0	0
37	56	0	0
37	56	0	0
37	56	0	0
49	56	0	0
49	56	0	0
49	56	0	0
49	56	0	0
49	56	0	0
49	56	0	0
49	56	0	0
49	56	0	0
49	40	0	0
49	40	0	0
49	40	0	0
49	40	0	0
49	40	0	0
52	40	0	0
52	40	0	0
52	40	0	0
52	40	0	0
52	40	0	0
52	40	0	0
52	52	0	0
52	52	0	0
43	52	0	0
43	52	0	0
43	52	0	0
43	52	0	0
43	52	0	0
43	52	0	0
43	52	0	0
47	52	0	0
47	52	0	0
47	60	0	0
47	46	0	0
47	46	0	0
47	46	0	0
47	46	0	0
47	46	0	0
47	46	0	0
47	46	0	0
47	46	0	0
47	46	0	0
47	46	0	0
47	46	0	0
37	46	0	0
37	42	0	0
37	42	0	0
37	42	0	0
37	42	0	0
37	42	0	0
37	42	0	0
37	42	0	0
37	38	0	0
37	38	0	0
37	38	0	0
37	38	0	0
37	38	0	0
43	38	0	0
43	38	0	0
43	38	0	0
43	38	0	0
43	55	0	0
43	38	0	0
43	38	0	0
43	38	0	0
42	38	0	0
42	38	0	0
42	38	0	0
42	38	0	0
42	38	0	0
42	38	0	0
42	38	0	0
42	38	0	0
42	38	0	0
42	45	0	0
42	45	0	0
42	45	0	0
42	45	0	0
42	45	0	0
38	45	0	0
38	45	0	0
38	45	0	0
38	45	0	0
38	45	0	0
38	52	0	0
38	52	0	0
38	52	0	0
38	52	0	0
56	52	0	0
56	52	0	0
56	52	0	0
56	52	0	0
56	52	0	0
56	52	0	0
56	42	0	0
56	42	0	0
56	42	0	0
56	42	0	0
56	42	0	0
49	42	0	0
49	42	0	0
49	42	0	0
49	42	0	0
49	42	0	0
49	42	0	0
49	52	0	0
49	52	0	0
49	52	0	0
40	52	0	0
40	52	0	0
40	52	0	0
40	52	0	0
40	52	0	0
56	52	0	0
56	52	0	0
56	52	0	0
56	52	0	0
56	52	0	0
56	58	0	0
56	58	0	0
56	58	0	0
56	58	0	0
56	58	0	0
56	58	0	0
56	38	0	0
45	38	0	0
45	38	0	0
45	38	0	0
45	38	0	0
45	38	0	0
45	38	0	0
45	38	0	0
45	38	0	0
45	38	0	0
58	54	0	0
58	54	0	0
58	54	0	0
58	54	0	0
58	54	0	0
58	54	0	0
58	54	0	0
45	54	0	0
45	54	0	0
45	54	0	0
45	54	0	0
45	54	0	0
45	56	0	0
45	56	0	0
45	56	0	0
45	56	0	0
45	56	0	0
45	56	0	0
51	56	0	0
47	59	0	0
47	59	0	0
47	59	0	0
47	59	0	0
47	59	0	0
47	59	0	0
47	59	0	0
47	59	0	0
47	59	0	0
47	59	0	0
47	59	0	0
47	59	0	0
47	59	0	0
47	48	0	0
47	37	0	0
47	37	0	0
47	37	0	0
47	37	0	0
47	37	0	0
56	37	0	0
47	37	0	0
47	37	0	0
47	37	0	0
47	45	0	0
47	45	0	0
47	45	0	0
47	45	0	0
47	45	0	0
47	45	0	0
47	45	0	0
47	45	0	0
47	45	0	0
40	54	0	0
40	54	0	0
40	54	0	0
40	54	0	0
40	54	0	0
40	54	0	0
40	54	0	0
40	54	0	0
40	54	0	0
40	54	0	0
40	54	0	0
45	54	0	0
45	54	0	0
45	50	0	0
45	50	0	0
45	50	0	0
45	50	0	0
45	50	0	0
45	50	0	0
45	50	0	0
45	50	0	0
45	50	0	0
45	52	0	0
45	46	0	0
45	46	0	0
37	46	0	0
37	53	0	0
37	53	0	0
37	53	0	0
37	53	0	0
37	53	0	0
37	53	0	0
37	53	0	0
37	53	0	0
44	53	0	0
44	53	0	0
44	53	0	0
44	40	0	0
44	40	0	0
44	40	0	0
44	40	0	0
44	40	0	0
44	40	0	0
44	40	0	0
44	40	0	0
44	40	0	0
44	40	0	0
44	40	0	0
55	40	0	0
55	40	0	0
55	40	0	0
55	51	0	0
55	51	0	0
55	51	0	0
42	51	0	0
42	44	0	0
42	44	0	0
42	44	0	0
42	44	0	0
42	44	0	0
42	44	0	0
42	44	0	0
42	44	0	0
39	44	0	0
39	44	0	0
39	44	0	0
39	49	0	0
39	49	0	0
39	49	0	0
39	49	0	0
39	49	0	0
39	50	0	0
39	50	0	0
39	50	0	0
53	50	0	0
53	50	0	0
53	50	0	0
53	60	0	0
53	60	0	0
40	60	0	0
40	58	0	0
40	58	0	0
40	58	0	0
40	58	0	0
40	58	0	0
40	58	0	0
40	58	0	0
40	58	0	0
43	58	0	0
43	58	0	0
43	58	0	0
43	58	0	0
43	58	0	0
43	58	0	0
43	44	0	0
43	44	0	0
43	46	0	0
43	46	0	0
43	46	0	0
51	46	0	0
51	46	0	0
51	50	0	0
51	50	0	0
51	50	0	0
51	50	0	0
38	59	0	0
38	57	0	0
38	57	0	0
38	57	0	0
38	57	0	0
38	42	0	0
38	42	0	0
38	42	0	0
38	42	0	0
57	42	0	0
57	42	0	0
57	42	0	0
57	42	0	0
57	42	0	0
57	42	0	0
57	47	0	0
57	47	0	0
57	47	0	0
57	47	0	0
40	47	0	0
40	47	0	0
40	47	0	0
40	47	0	0
40	38	0	0
40	38	0	0
40	38	0	0
40	38	0	0
40	38	0	0
40	56	0	0
40	56	0	0
49	56	0	0
49	56	0	0
49	56	0	0
49	56	0	0
49	56	0	0
49	56	0	0
49	56	0	0
49	56	0	0
49	56	0	0
56	57	0	0
56	57	0	0
56	57	0	0
56	57	0	0
56	57	0	0
56	57	0	0
56	57	0	0
56	57	0	0
53	50	0	0
53	50	0	0
53	50	0	0
47	50	0	0
47	50	0	0
47	50	0	0
47	50	0	0
47	50	0	0
57	50	0	0
57	50	0	0
57	50	0	0
57	50	0	0
50	59	0	0
50	59	0	0
50	59	0	0
50	59	0	0
50	59	0	0
50	59	0	0
50	59	0	0
50	59	0	0
50	59	0	0
50	59	0	0
50	59	0	0
50	59	0	0
50	59	0	0
50	53	0	0
50	53	0	0
50	53	0	0
50	53	0	0
50	53	0	0
50	53	0	0
60	53	0	0
60	58	0	0
49	58	0	0
49	58	0	0
49	58	0	0
49	58	0	0
49	58	0	0
49	58	0	0
49	58	0	0
49	37	0	0
47	37	0	0
47	37	0	0
47	37	0	0
47	37	0	0
47	37	0	0
47	37	0	0
47	37	0	0
49	37	0	0
49	37	0	0
49	37	0	0
49	45	0	0
49	45	0	0
49	45	0	0
49	45	0	0
49	45	0	0
48	45	0	0
48	45	0	0
48	45	0	0
48	45	0	0
48	45	0	0
48	45	0	0
48	45	0	0
48	45	0	0
48	45	0	0
48	59	0	0
48	50	0	0
37	56	0	0
37	56	0	0
37	56	0	0
37	56	0	0
37	56	0	0
37	56	0	0
37	56	0	0
37	56	0	0
37	50	0	0
37	50	0	0
37	50	0	0
43	50	0	0
43	50	0	0
43	50	0	0
43	50	0	0
43	50	0	0
43	50	0	0
43	50	0	0
43	50	0	0
43	47	0	0
43	47	0	0
38	47	0	0
38	47	0	0
38	47	0	0
38	47	0	0
38	47	0	0
38	47	0	0
38	47	0	0
38	47	0	0
38	47	0	0
38	47	0	0
38	45	0	0
38	45	0	0
60	45	0	0
60	45	0	0
60	45	0	0
60	45	0	0
40	45	0	0
40	45	0	0
40	45	0	0
40	45	0	0
40	45	0	0
54	45	0	0
54	45	0	0
54	45	0	0
54	44	0	0
54	44	0	0
54	44	0	0
54	44	0	0
54	44	0	0
54	44	0	0
54	44	0	0
59	44	0	0
59	44	0	0
59	44	0	0
59	44	0	0
59	44	0	0
59	44	0	0
59	44	0	0
59	59	0	0
50	59	0	0
50	59	0	0
50	59	0	0
50	59	0	0
50	37	0	0
50	37	0	0
50	37	0	0
50	37	0	0
38	44	0	0
38	44	0	0
38	44	0	0
38	44	0	0
38	44	0	0
38	44	0	0
38	44	0	0
38	44	0	0
38	44	0	0
53	44	0	0
53	44	0	0
53	44	0	0
53	44	0	0
47	47	0	0
47	47	0	0
47	47	0	0
47	47	0	0
47	47	0	0
47	47	0	0
47	47	0	0
47	47	0	0
47	47	0	0
47	47	0	0
47	56	0	0
47	56	0	0
47	56	0	0
47	56	0	0
49	56	0	0
49	56	0	0
49	56	0	0
49	56	0	0
49	56	0	0
49	56	0	0
49	56	0	0
49	56	0	0
49	45	0	0
52	45	0	0
52	45	0	0
52	45	0	0
52	45	0	0
52	45	0	0
53	45	0	0
38	45	0	0
38	45	0	0
38	45	0	0
38	45	0	0
38	45	0	0
38	45	0	0
38	45	0	0
38	52	0	0
38	52	0	0
38	52	0	0
38	52	0	0
38	52	0	0
38	52	0	0
37	52	0	0
37	52	0	0
37	52	0	0
37	37	0	0
37	37	0	0
37	37	0	0
37	37	0	0
37	37	0	0
37	37	0	0
37	37	0	0
37	37	0	0
37	37	0	0
37	37	0	0
37	37	0	0
42	51	0	0
42	51	0	0
42	51	0	0
42	51	0	0
42	51	0	0
42	54	0	0
42	54	0	0
42	54	0	0
42	54	0	0
42	54	0	0
42	54	0	0
42	54	0	0
42	54	0	0
47	54	0	0
47	54	0	0
47	54	0	0
47	54	0	0
47	54	0	0
47	54	0	0
47	54	0	0
47	54	0	0
47	54	0	0
45	54	0	0
45	54	0	0
45	54	0	0
45	54	0	0
45	54	0	0
45	54	0	0
45	54	0	0
45	54	0	0
45	54	0	0
45	54	0	0
45	54	0	0
51	54	0	0
51	54	0	0
51	54	0	0
42	54	0	0
42	40	0	0
42	40	0	0
42	40	0	0
42	40	0	0
42	40	0	0
42	40	0	0
42	40	0	0
42	40	0	0
42	42	0	0
42	42	0	0
38	42	0	0
38	42	0	0
38	42	0	0
38	42	0	0
37	42	0	0
37	42	0	0
37	42	0	0
37	42	0	0
37	42	0	0
37	42	0	0
37	42	0	0
37	60	0	0
37	60	0	0
37	60	0	0
37	60	0	0
37	60	0	0
37	60	0	0
37	60	0	0
44	60	0	0
44	60	0	0
44	60	0	0
44	60	0	0
44	60	0	0
57	47	0	0
57	47	0	0
57	47	0	0
57	47	0	0
57	47	0	0
57	47	0	0
52	47	0	0
52	47	0	0
52	47	0	0
52	47	0	0
52	47	0	0
52	47	0	0
52	47	0	0
52	54	0	0
52	54	0	0
52	54	0	0
52	54	0	0
52	54	0	0
49	54	0	0
49	54	0	0
49	54	0	0
49	54	0	0
49	54	0	0
49	54	0	0
49	54	0	0
49	37	0	0
49	37	0	0
49	57	0	0
37	57	0	0
37	57	0	0
37	38	0	0
37	38	0	0
37	38	0	0
37	38	0	0
50	38	0	0
50	38	0	0
50	38	0	0
50	38	0	0
50	38	0	0
50	38	0	0
50	38	0	0
56	49	0	0
56	49	0	0
56	49	0	0
56	49	0	0
56	49	0	0
56	49	0	0
56	49	0	0
56	49	0	0
56	51	0	0
56	51	0	0
54	51	0	0
54	51	0	0
54	51	0	0
54	51	0	0
54	51	0	0
54	51	0	0
54	51	0	0
54	59	0	0
54	59	0	0
54	59	0	0
54	59	0	0
54	59	0	0
44	59	0	0
44	59	0	0
44	59	0	0
44	59	0	0
44	59	0	0
44	59	0	0
44	59	0	0
47	43	0	0
47	43	0	0
47	54	0	0
47	54	0	0
47	54	0	0
47	54	0	0
47	54	0	0
47	54	0	0
47	54	0	0
47	54	0	0
59	54	0	0
59	54	0	0
59	54	0	0
59	54	0	0
57	54	0	0
57	49	0	0
57	49	0	0
52	49	0	0
52	49	0	0
52	49	0	0
52	49	0	0
52	49	0	0
52	49	0	0
52	49	0	0
52	49	0	0
52	49	0	0
56	49	0	0
56	49	0	0
56	45	0	0
56	37	0	0
56	50	0	0
56	50	0	0
56	50	0	0
56	50	0	0
56	50	0	0
56	50	0	0
56	50	0	0
38	50	0	0
38	50	0	0
38	50	0	0
38	50	0	0
38	50	0	0
38	50	0	0
38	42	0	0
38	42	0	0
38	42	0	0
57	42	0	0
57	42	0	0
57	52	0	0
58	53	0	0
58	53	0	0
47	37	0	0
47	37	0	0
47	37	0	0
47	37	0	0
47	37	0	0
47	37	0	0
47	37	0	0
47	37	0	0
47	37	0	0
47	37	0	0
47	37	0	0
47	37	0	0
49	37	0	0
49	50	0	0
49	50	0	0
49	50	0	0
49	50	0	0
49	38	0	0
49	54	0	0
49	54	0	0
47	54	0	0
47	54	0	0
47	54	0	0
47	54	0	0
47	54	0	0
47	54	0	0
47	54	0	0
47	54	0	0
47	54	0	0
51	54	0	0
51	47	0	0
51	47	0	0
51	47	0	0
51	47	0	0
51	47	0	0
51	47	0	0
51	47	0	0
59	47	0	0
59	47	0	0
59	47	0	0
59	47	0	0
59	47	0	0
59	47	0	0
59	47	0	0
59	43	0	0
52	43	0	0
52	43	0	0
47	43	0	0
47	43	0	0
47	43	0	0
47	43	0	0
47	43	0	0
47	43	0	0
47	43	0	0
47	43	0	0
47	38	0	0
47	38	0	0
47	38	0	0
47	47	0	0
47	47	0	0
47	47	0	0
59	47	0	0
59	47	0	0
52	47	0	0
52	47	0	0
52	47	0	0
52	47	0	0
52	47	0	0
52	47	0	0
52	47	0	0
52	47	0	0
52	47	0	0
52	59	0	0
56	59	0	0
56	59	0	0
56	59	0	0
56	59	0	0
56	59	0	0
56	59	0	0
56	59	0	0
52	59	0	0
52	59	0	0
52	59	0	0
52	59	0	0
50	59	0	0
50	38	0	0
50	38	0	0
50	38	0	0
50	38	0	0
50	38	0	0
50	38	0	0
50	38	0	0
50	50	0	0
50	50	0	0
50	50	0	0
50	50	0	0
50	48	0	0
56	48	0	0
57	48	0	0
41	48	0	0
41	48	0	0
41	48	0	0
41	48	0	0
41	48	0	0
41	48	0	0
41	48	0	0
41	48	0	0
41	48	0	0
41	59	0	0
56	59	0	0
54	59	0	0
54	44	0	0
54	44	0	0
54	44	0	0
54	44	0	0
54	44	0	0
54	44	0	0
54	44	0	0
54	44	0	0
54	44	0	0
54	44	0	0
59	44	0	0
59	44	0	0
59	42	0	0
59	42	0	0
59	42	0	0
59	42	0	0
57	42	0	0
57	42	0	0
57	42	0	0
57	42	0	0
57	42	0	0
57	42	0	0
57	42	0	0
57	52	0	0
57	52	0	0
57	52	0	0
57	52	0	0
57	52	0	0
57	52	0	0
59	52	0	0
59	52	0	0
59	41	0	0
59	41	0	0
47	41	0	0
47	41	0	0
47	41	0	0
47	41	0	0
47	41	0	0
47	41	0	0
47	41	0	0
47	41	0	0
47	41	0	0
47	41	0	0
47	41	0	0
47	41	0	0
47	40	0	0
37	40	0	0
37	40	0	0
37	40	0	0
37	40	0	0
37	42	0	0
37	42	0	0
37	42	0	0
37	42	0	0
37	42	0	0
37	42	0	0
37	42	0	0
37	42	0	0
37	42	0	0
37	42	0	0
47	40	0	0
47	40	0	0
47	40	0	0
47	40	0	0
47	40	0	0
47	40	0	0
45	40	0	0
45	40	0	0
45	40	0	0
45	52	0	0
45	52	0	0
56	52	0	0
56	52	0	0
56	52	0	0
56	52	0	0
56	52	0	0
56	52	0	0
56	52	0	0
56	52	0	0
56	52	0	0
56	52	0	0
56	37	0	0
56	37	0	0
56	37	0	0
56	37	0	0
56	37	0	0
49	37	0	0
49	37	0	0
49	37	0	0
49	46	0	0
49	46	0	0
49	46	0	0
49	46	0	0
49	46	0	0
49	46	0	0
49	46	0	0
49	46	0	0
49	46	0	0
49	46	0	0
49	50	0	0
47	50	0	0
47	50	0	0
47	50	0	0
47	50	0	0
47	50	0	0
47	50	0	0
47	50	0	0
47	49	0	0
47	49	0	0
47	49	0	0
58	49	0	0
58	49	0	0
58	49	0	0
58	49	0	0
58	49	0	0
58	49	0	0
58	49	0	0
58	49	0	0
54	49	0	0
54	49	0	0
54	49	0	0
54	53	0	0
56	53	0	0
56	53	0	0
56	53	0	0
56	53	0	0
56	53	0	0
56	53	0	0
56	46	0	0
56	46	0	0
56	46	0	0
56	46	0	0
56	46	0	0
56	42	0	0
56	42	0	0
56	42	0	0
38	42	0	0
38	42	0	0
38	42	0	0
38	42	0	0
38	42	0	0
38	42	0	0
38	42	0	0
38	42	0	0
38	42	0	0
46	42	0	0
46	42	0	0
46	45	0	0
46	45	0	0
52	49	0	0
52	49	0	0
52	49	0	0
52	49	0	0
52	49	0	0
52	49	0	0
52	49	0	0
52	49	0	0
52	58	0	0
52	58	0	0
52	58	0	0
52	40	0	0
52	40	0	0
52	40	0	0
58	40	0	0
58	40	0	0
58	40	0	0
58	40	0	0
58	40	0	0
58	40	0	0
58	40	0	0
58	42	0	0
58	42	0	0
58	42	0	0
58	42	0	0
54	40	0	0
54	40	0	0
54	40	0	0
54	37	0	0
54	37	0	0
54	37	0	0
54	37	0	0
54	37	0	0
54	37	0	0
54	55	0	0
54	55	0	0
54	55	0	0
54	38	0	0
50	38	0	0
50	38	0	0
50	38	0	0
50	38	0	0
50	38	0	0
50	38	0	0
50	38	0	0
50	38	0	0
50	38	0	0
44	38	0	0
44	57	0	0
44	57	0	0
44	57	0	0
44	57	0	0
44	57	0	0
44	57	0	0
44	57	0	0
44	57	0	0
44	57	0	0
44	57	0	0
44	52	0	0
44	52	0	0
40	52	0	0
40	52	0	0
40	52	0	0
40	52	0	0
40	52	0	0
40	52	0	0
40	52	0	0
40	52	0	0
40	52	0	0
40	52	0	0
40	50	0	0
40	50	0	0
40	50	0	0
54	50	0	0
54	50	0	0
54	50	0	0
54	50	0	0
54	50	0	0
54	50	0	0
54	60	0	0
54	60	0	0
54	60	0	0
54	60	0	0
54	60	0	0
54	60	0	0
54	45	0	0
54	45	0	0
52	45	0	0
52	45	0	0
52	42	0	0
52	42	0	0
52	42	0	0
52	42	0	0
52	42	0	0
52	42	0	0
52	42	0	0
52	42	0	0
52	42	0	0
52	56	0	0
52	56	0	0
41	56	0	0
41	56	0	0
47	56	0	0
47	56	0	0
47	56	0	0
47	56	0	0
47	56	0	0
47	56	0	0
47	56	0	0
47	42	0	0
47	42	0	0
47	42	0	0
47	42	0	0
47	48	0	0
47	48	0	0
47	48	0	0
47	48	0	0
47	48	0	0
47	48	0	0
47	48	0	0
47	48	0	0
47	40	0	0
44	40	0	0
44	40	0	0
44	40	0	0
44	40	0	0
44	40	0	0
44	40	0	0
44	40	0	0
44	40	0	0
44	40	0	0
44	40	0	0
44	40	0	0
44	40	0	0
44	40	0	0
44	40	0	0
37	40	0	0
37	40	0	0
37	40	0	0
37	40	0	0
37	40	0	0
37	40	0	0
37	40	0	0
37	40	0	0
37	40	0	0
37	59	0	0
40	59	0	0
40	59	0	0
40	45	0	0
40	45	0	0
40	45	0	0
40	45	0	0
42	45	0	0
42	45	0	0
42	45	0	0
42	45	0	0
42	45	0	0
42	45	0	0
42	45	0	0
42	47	0	0
42	47	0	0
57	47	0	0
57	47	0	0
57	47	0	0
57	47	0	0
57	47	0	0
57	44	0	0
57	44	0	0
37	44	0	0
37	44	0	0
37	44	0	0
40	44	0	0
40	44	0	0
40	44	0	0
40	44	0	0
40	44	0	0
40	44	0	0
40	44	0	0
40	44	0	0
40	45	0	0
40	45	0	0
40	45	0	0
40	45	0	0
40	45	0	0
54	45	0	0
54	45	0	0
54	45	0	0
54	45	0	0
54	45	0	0
54	45	0	0
54	45	0	0
38	45	0	0
38	45	0	0
38	56	0	0
38	56	0	0
38	56	0	0
38	56	0	0
38	56	0	0
38	56	0	0
38	48	0	0
38	48	0	0
38	48	0	0
38	48	0	0
38	48	0	0
38	48	0	0
53	48	0	0
53	48	0	0
53	48	0	0
53	48	0	0
56	40	0	0
56	40	0	0
56	40	0	0
56	40	0	0
56	40	0	0
56	40	0	0
56	40	0	0
56	40	0	0
56	45	0	0
56	45	0	0
56	45	0	0
56	45	0	0
42	45	0	0
42	45	0	0
42	45	0	0
42	59	0	0
42	59	0	0
42	59	0	0
42	59	0	0
42	59	0	0
42	59	0	0
42	47	0	0
42	47	0	0
40	47	0	0
40	47	0	0
40	47	0	0
40	47	0	0
40	47	0	0
40	47	0	0
40	47	0	0
40	45	0	0
40	45	0	0
40	45	0	0
40	45	0	0
40	45	0	0
40	45	0	0
40	45	0	0
52	45	0	0
52	52	0	0
52	52	0	0
52	56	0	0
52	56	0	0
52	56	0	0
52	56	0	0
52	56	0	0
44	56	0	0
44	56	0	0
44	56	0	0
44	56	0	0
44	56	0	0
44	38	0	0
44	38	0	0
44	38	0	0
44	38	0	0
44	38	0	0
44	38	0	0
44	38	0	0
45	38	0	0
45	38	0	0
45	38	0	0
45	38	0	0
45	38	0	0
45	38	0	0
45	38	0	0
45	38	0	0
45	38	0	0
45	38	0	0
45	38	0	0
45	38	0	0
45	38	0	0
45	38	0	0
42	38	0	0
42	38	0	0
42	38	0	0
42	49	0	0
42	49	0	0
42	49	0	0
42	49	0	0
42	49	0	0
42	49	0	0
42	49	0	0
42	49	0	0
42	49	0	0
42	49	0	0
57	49	0	0
57	49	0	0
57	48	0	0
57	48	0	0
57	48	0	0
57	48	0	0
57	48	0	0
57	48	0	0
40	48	0	0
40	45	0	0
40	45	0	0
40	45	0	0
40	45	0	0
40	45	0	0
41	45	0	0
41	45	0	0
41	38	0	0
41	38	0	0
41	38	0	0
41	38	0	0
41	38	0	0
41	38	0	0
41	38	0	0
41	38	0	0
41	38	0	0
41	38	0	0
50	38	0	0
50	38	0	0
50	38	0	0
50	38	0	0
50	45	0	0
50	45	0	0
50	45	0	0
50	50	0	0
50	50	0	0
50	50	0	0
50	50	0	0
47	50	0	0
47	50	0	0
47	50	0	0
47	50	0	0
47	50	0	0
42	50	0	0
42	50	0	0
42	50	0	0
42	50	0	0
42	50	0	0
42	50	0	0
42	50	0	0
42	50	0	0
42	50	0	0
42	50	0	0
42	50	0	0
42	50	0	0
42	50	0	0
60	50	0	0
60	50	0	0
60	50	0	0
54	58	0	0
54	58	0	0
54	58	0	0
54	52	0	0
54	52	0	0
54	52	0	0
54	52	0	0
40	52	0	0
40	52	0	0
40	52	0	0
40	52	0	0
40	52	0	0
40	52	0	0
40	52	0	0
40	52	0	0
40	50	0	0
40	50	0	0
40	50	0	0
40	50	0	0
40	50	0	0
57	50	0	0
57	50	0	0
57	50	0	0
57	50	0	0
57	50	0	0
55	49	0	0
55	49	0	0
55	49	0	0
55	49	0	0
55	49	0	0
55	47	0	0
55	47	0	0
55	47	0	0
55	47	0	0
55	47	0	0
59	47	0	0
59	47	0	0
59	47	0	0
59	56	0	0
59	56	0	0
59	56	0	0
59	56	0	0
43	56	0	0
43	56	0	0
43	56	0	0
43	56	0	0
43	56	0	0
43	56	0	0
43	56	0	0
43	56	0	0
43	56	0	0
43	56	0	0
43	56	0	0
43	56	0	0
40	56	0	0
40	56	0	0
40	56	0	0
40	56	0	0
40	57	0	0
40	57	0	0
40	57	0	0
42	57	0	0
42	57	0	0
42	57	0	0
54	57	0	0
54	57	0	0
54	57	0	0
54	49	0	0
54	49	0	0
54	49	0	0
54	49	0	0
54	49	0	0
54	49	0	0
54	49	0	0
54	49	0	0
42	49	0	0
42	49	0	0
42	59	0	0
51	59	0	0
51	59	0	0
52	59	0	0
52	59	0	0
52	59	0	0
52	59	0	0
52	59	0	0
52	59	0	0
52	41	0	0
50	41	0	0
50	41	0	0
50	43	0	0
50	43	0	0
50	43	0	0
50	43	0	0
50	54	0	0
50	54	0	0
50	54	0	0
50	54	0	0
50	54	0	0
50	54	0	0
47	54	0	0
47	54	0	0
47	54	0	0
47	54	0	0
47	54	0	0
47	37	0	0
47	37	0	0
47	37	0	0
47	37	0	0
47	37	0	0
47	37	0	0
49	37	0	0
49	37	0	0
43	37	0	0
43	37	0	0
43	37	0	0
43	38	0	0
43	38	0	0
43	38	0	0
50	38	0	0
50	38	0	0
50	38	0	0
50	38	0	0
50	38	0	0
50	38	0	0
50	38	0	0
50	38	0	0
50	38	0	0
50	38	0	0
50	38	0	0
50	40	0	0
37	40	0	0
37	40	0	0
37	40	0	0
37	40	0	0
37	40	0	0
37	40	0	0
37	56	0	0
37	56	0	0
37	56	0	0
37	56	0	0
37	56	0	0
58	56	0	0
58	56	0	0
44	56	0	0
44	56	0	0
40	56	0	0
40	56	0	0
51	56	0	0
51	56	0	0
51	56	0	0
51	40	0	0
51	40	0	0
51	40	0	0
51	40	0	0
51	40	0	0
51	40	0	0
51	40	0	0
51	40	0	0
51	40	0	0
57	40	0	0
57	40	0	0
57	40	0	0
57	44	0	0
57	44	0	0
57	44	0	0
57	44	0	0
57	44	0	0
57	44	0	0
57	44	0	0
39	44	0	0
39	44	0	0
39	44	0	0
39	59	0	0
39	59	0	0
39	59	0	0
39	59	0	0
39	59	0	0
39	59	0	0
39	59	0	0
39	59	0	0
39	59	0	0
52	59	0	0
52	59	0	0
52	45	0	0
52	45	0	0
42	45	0	0
42	45	0	0
42	45	0	0
42	45	0	0
42	45	0	0
42	45	0	0
42	45	0	0
42	42	0	0
42	42	0	0
42	42	0	0
42	42	0	0
46	42	0	0
46	42	0	0
46	42	0	0
46	42	0	0
46	42	0	0
46	55	0	0
46	55	0	0
46	55	0	0
46	55	0	0
59	55	0	0
59	55	0	0
59	55	0	0
59	55	0	0
59	55	0	0
59	55	0	0
59	54	0	0
59	54	0	0
59	54	0	0
59	54	0	0
59	54	0	0
59	54	0	0
59	54	0	0
59	54	0	0
57	54	0	0
57	54	0	0
57	54	0	0
57	59	0	0
57	59	0	0
57	59	0	0
57	38	0	0
45	38	0	0
45	38	0	0
45	38	0	0
45	38	0	0
45	38	0	0
45	38	0	0
45	38	0	0
45	38	0	0
45	38	0	0
45	38	0	0
45	38	0	0
45	38	0	0
50	38	0	0
50	42	0	0
51	42	0	0
51	42	0	0
51	42	0	0
51	42	0	0
51	42	0	0
51	42	0	0
51	42	0	0
49	42	0	0
49	42	0	0
49	42	0	0
49	42	0	0
49	42	0	0
49	42	0	0
44	44	0	0
44	44	0	0
44	44	0	0
44	44	0	0
44	44	0	0
49	44	0	0
49	49	0	0
49	49	0	0
49	49	0	0
49	49	0	0
49	49	0	0
49	49	0	0
49	49	0	0
49	49	0	0
42	49	0	0
42	44	0	0
42	44	0	0
42	44	0	0
42	44	0	0
42	44	0	0
42	44	0	0
42	44	0	0
42	44	0	0
42	44	0	0
42	44	0	0
47	44	0	0
47	44	0	0
47	56	0	0
47	56	0	0
47	56	0	0
47	56	0	0
47	56	0	0
47	56	0	0
47	56	0	0
47	56	0	0
50	55	0	0
50	55	0	0
50	41	0	0
60	41	0	0
60	41	0	0
51	40	0	0
51	40	0	0
51	40	0	0
51	40	0	0
51	40	0	0
51	40	0	0
51	40	0	0
48	40	0	0
48	40	0	0
48	43	0	0
48	38	0	0
48	38	0	0
48	38	0	0
48	38	0	0
58	38	0	0
58	38	0	0
58	38	0	0
58	38	0	0
58	38	0	0
58	38	0	0
58	38	0	0
60	57	0	0
54	57	0	0
54	57	0	0
54	57	0	0
54	57	0	0
54	57	0	0
54	57	0	0
54	57	0	0
54	57	0	0
54	57	0	0
54	57	0	0
54	57	0	0
54	57	0	0
54	56	0	0
53	56	0	0
53	56	0	0
53	56	0	0
53	56	0	0
53	56	0	0
53	56	0	0
53	56	0	0
53	56	0	0
53	56	0	0
49	56	0	0
49	56	0	0
49	56	0	0
49	37	0	0
49	37	0	0
49	37	0	0
49	37	0	0
49	37	0	0
49	37	0	0
49	37	0	0
49	37	0	0
49	37	0	0
43	37	0	0
43	37	0	0
56	37	0	0
56	37	0	0
56	59	0	0
56	59	0	0
56	59	0	0
56	59	0	0
56	59	0	0
56	59	0	0
56	40	0	0
56	40	0	0
56	40	0	0
56	40	0	0
56	40	0	0
59	40	0	0
59	40	0	0
59	40	0	0
59	40	0	0
59	40	0	0
59	40	0	0
59	40	0	0
59	40	0	0
49	40	0	0
49	43	0	0
49	43	0	0
49	43	0	0
49	43	0	0
49	43	0	0
49	43	0	0
49	43	0	0
49	43	0	0
49	43	0	0
49	52	0	0
49	52	0	0
49	52	0	0
49	52	0	0
40	52	0	0
40	52	0	0
40	52	0	0
40	52	0	0
40	52	0	0
44	52	0	0
44	52	0	0
44	52	0	0
56	52	0	0
56	52	0	0
56	45	0	0
56	45	0	0
56	45	0	0
56	45	0	0
56	45	0	0
56	60	0	0
56	60	0	0
54	60	0	0
54	60	0	0
54	60	0	0
54	44	0	0
54	44	0	0
54	44	0	0
54	44	0	0
54	44	0	0
54	38	0	0
54	38	0	0
54	38	0	0
54	38	0	0
54	38	0	0
47	38	0	0
47	52	0	0
47	52	0	0
47	52	0	0
47	44	0	0
47	44	0	0
47	44	0	0
47	44	0	0
51	44	0	0
51	44	0	0
51	44	0	0
51	44	0	0
51	44	0	0
51	53	0	0
51	53	0	0
51	53	0	0
51	53	0	0
51	53	0	0
51	53	0	0
38	53	0	0
38	53	0	0
38	53	0	0
38	52	0	0
38	44	0	0
38	44	0	0
38	44	0	0
38	44	0	0
38	44	0	0
38	44	0	0
37	44	0	0
37	44	0	0
37	44	0	0
37	44	0	0
37	44	0	0
37	44	0	0
37	44	0	0
37	44	0	0
37	54	0	0
37	54	0	0
37	54	0	0
37	54	0	0
37	54	0	0
37	54	0	0
37	54	0	0
37	54	0	0
37	54	0	0
45	54	0	0
45	57	0	0
45	57	0	0
45	57	0	0
45	57	0	0
45	57	0	0
45	57	0	0
45	57	0	0
45	57	0	0
45	57	0	0
45	57	0	0
45	57	0	0
45	57	0	0
45	57	0	0
45	57	0	0
45	49	0	0
45	49	0	0
45	49	0	0
45	49	0	0
45	49	0	0
45	49	0	0
45	49	0	0
45	49	0	0
56	49	0	0
56	49	0	0
56	49	0	0
56	49	0	0
56	49	0	0
56	49	0	0
56	57	0	0
56	57	0	0
56	57	0	0
56	57	0	0
56	57	0	0
56	57	0	0
56	57	0	0
52	57	0	0
52	57	0	0
45	57	0	0
45	57	0	0
45	57	0	0
45	57	0	0
45	57	0	0
45	45	0	0
45	45	0	0
45	45	0	0
45	45	0	0
45	45	0	0
45	45	0	0
45	45	0	0
52	45	0	0
52	41	0	0
52	41	0	0
52	41	0	0
52	41	0	0
52	47	0	0
52	47	0	0
52	47	0	0
50	47	0	0
50	47	0	0
50	47	0	0
50	52	0	0
50	52	0	0
50	52	0	0
50	40	0	0
50	44	0	0
50	44	0	0
50	59	0	0
50	59	0	0
50	59	0	0
50	59	0	0
50	59	0	0
44	59	0	0
44	59	0	0
44	59	0	0
44	54	0	0
44	54	0	0
44	54	0	0
44	54	0	0
44	54	0	0
44	54	0	0
44	54	0	0
44	54	0	0
44	54	0	0
58	54	0	0
58	54	0	0
58	54	0	0
58	54	0	0
58	54	0	0
58	54	0	0
58	54	0	0
58	54	0	0
58	54	0	0
58	54	0	0
58	54	0	0
58	54	0	0
57	54	0	0
57	54	0	0
57	41	0	0
57	41	0	0
57	41	0	0
57	45	0	0
57	45	0	0
57	45	0	0
57	45	0	0
57	57	0	0
57	57	0	0
57	57	0	0
57	57	0	0
57	57	0	0
52	57	0	0
52	57	0	0
52	57	0	0
52	57	0	0
52	57	0	0
52	57	0	0
52	54	0	0
57	54	0	0
57	54	0	0
57	54	0	0
57	54	0	0
59	54	0	0
59	54	0	0
59	54	0	0
59	54	0	0
59	54	0	0
59	54	0	0
59	50	0	0
59	50	0	0
59	50	0	0
59	50	0	0
59	50	0	0
59	47	0	0
59	47	0	0
59	47	0	0
54	47	0	0
54	47	0	0
54	47	0	0
54	47	0	0
54	47	0	0
54	47	0	0
54	47	0	0
54	47	0	0
54	58	0	0
54	58	0	0
54	58	0	0
54	58	0	0
54	58	0	0
54	58	0	0
49	58	0	0
49	58	0	0
49	58	0	0
49	47	0	0
49	47	0	0
49	47	0	0
49	47	0	0
49	47	0	0
49	47	0	0
49	47	0	0
49	47	0	0
49	60	0	0
52	60	0	0
52	60	0	0
52	60	0	0
52	60	0	0
52	60	0	0
52	60	0	0
52	60	0	0
52	60	0	0
52	60	0	0
52	60	0	0
52	60	0	0
52	44	0	0
52	44	0	0
38	44	0	0
38	50	0	0
38	50	0	0
38	50	0	0
38	45	0	0
38	45	0	0
38	45	0	0
38	45	0	0
38	45	0	0
38	45	0	0
49	45	0	0
49	45	0	0
49	45	0	0
49	50	0	0
49	50	0	0
49	50	0	0
49	50	0	0
49	50	0	0
49	50	0	0
49	50	0	0
49	46	0	0
49	46	0	0
52	46	0	0
52	46	0	0
52	46	0	0
52	46	0	0
52	46	0	0
51	46	0	0
51	46	0	0
37	46	0	0
37	46	0	0
37	46	0	0
37	46	0	0
37	46	0	0
37	56	0	0
37	56	0	0
37	56	0	0
37	56	0	0
37	56	0	0
37	57	0	0
60	57	0	0
60	57	0	0
60	57	0	0
60	52	0	0
60	52	0	0
60	52	0	0
60	57	0	0
60	57	0	0
60	50	0	0
60	50	0	0
60	50	0	0
60	50	0	0
60	50	0	0
60	50	0	0
59	50	0	0
59	42	0	0
59	42	0	0
59	42	0	0
59	42	0	0
59	42	0	0
59	42	0	0
59	42	0	0
49	42	0	0
49	42	0	0
49	42	0	0
49	42	0	0
49	42	0	0
49	42	0	0
49	45	0	0
49	45	0	0
49	45	0	0
49	45	0	0
49	45	0	0
49	45	0	0
49	40	0	0
39	40	0	0
52	40	0	0
52	40	0	0
52	40	0	0
52	40	0	0
52	40	0	0
52	40	0	0
52	40	0	0
52	40	0	0
52	40	0	0
52	40	0	0
52	40	0	0
52	59	0	0
52	59	0	0
52	59	0	0
52	59	0	0
52	59	0	0
52	59	0	0
44	59	0	0
44	59	0	0
44	59	0	0
44	59	0	0
44	59	0	0
44	59	0	0
44	59	0	0
44	45	0	0
44	45	0	0
44	45	0	0
44	45	0	0
44	45	0	0
57	45	0	0
57	45	0	0
57	45	0	0
57	38	0	0
57	38	0	0
57	38	0	0
57	38	0	0
57	38	0	0
57	38	0	0
57	38	0	0
57	38	0	0
57	38	0	0
57	38	0	0
57	38	0	0
45	38	0	0
45	38	0	0
45	38	0	0
45	49	0	0
45	49	0	0
45	49	0	0
45	49	0	0
45	49	0	0
57	49	0	0
57	49	0	0
57	49	0	0
57	49	0	0
57	49	0	0
57	49	0	0
57	49	0	0
57	50	0	0
57	50	0	0
57	50	0	0
57	50	0	0
57	50	0	0
57	50	0	0
57	38	0	0
42	38	0	0
42	38	0	0
42	38	0	0
42	38	0	0
42	38	0	0
42	38	0	0
42	38	0	0
42	38	0	0
42	42	0	0
42	42	0	0
42	42	0	0
42	42	0	0
42	38	0	0
42	38	0	0
47	43	0	0
47	43	0	0
47	43	0	0
47	43	0	0
47	43	0	0
47	51	0	0
44	51	0	0
44	51	0	0
44	51	0	0
44	49	0	0
44	49	0	0
44	49	0	0
44	49	0	0
44	49	0	0
44	49	0	0
44	49	0	0
44	49	0	0
37	49	0	0
37	49	0	0
37	49	0	0
37	49	0	0
37	38	0	0
37	38	0	0
37	38	0	0
37	38	0	0
57	38	0	0
57	38	0	0
57	47	0	0
57	38	0	0
57	38	0	0
57	44	0	0
59	44	0	0
59	44	0	0
59	44	0	0
59	44	0	0
59	44	0	0
59	44	0	0
59	44	0	0
59	44	0	0
59	44	0	0
59	44	0	0
53	44	0	0
53	44	0	0
53	44	0	0
53	44	0	0
53	44	0	0
53	44	0	0
53	44	0	0
53	44	0	0
53	44	0	0
53	44	0	0
53	44	0	0
47	44	0	0
47	44	0	0
47	38	0	0
47	38	0	0
47	38	0	0
47	38	0	0
47	38	0	0
47	38	0	0
47	38	0	0
47	38	0	0
47	38	0	0
47	38	0	0
47	38	0	0
47	38	0	0
57	58	0	0
57	58	0	0
57	58	0	0
57	58	0	0
57	49	0	0
57	49	0	0
57	49	0	0
57	49	0	0
57	49	0	0
57	49	0	0
57	49	0	0
57	49	0	0
57	59	0	0
57	59	0	0
45	59	0	0
45	59	0	0
45	59	0	0
45	59	0	0
45	59	0	0
45	59	0	0
56	59	0	0
56	59	0	0
56	59	0	0
56	59	0	0
56	59	0	0
56	59	0	0
56	37	0	0
56	37	0	0
56	37	0	0
56	37	0	0
56	37	0	0
56	37	0	0
56	37	0	0
56	37	0	0
44	37	0	0
44	45	0	0
44	45	0	0
44	45	0	0
44	45	0	0
44	45	0	0
44	45	0	0
44	45	0	0
44	45	0	0
44	45	0	0
44	45	0	0
49	45	0	0
49	45	0	0
49	37	0	0
49	40	0	0
49	40	0	0
49	40	0	0
49	40	0	0
49	39	0	0
49	39	0	0
49	39	0	0
49	39	0	0
49	39	0	0
49	39	0	0
49	38	0	0
57	38	0	0
57	38	0	0
57	38	0	0
57	38	0	0
57	38	0	0
57	38	0	0
57	38	0	0
57	38	0	0
57	38	0	0
57	38	0	0
57	38	0	0
57	38	0	0
57	49	0	0
40	49	0	0
40	49	0	0
40	49	0	0
40	49	0	0
40	49	0	0
40	49	0	0
40	49	0	0
40	49	0	0
42	49	0	0
42	49	0	0
42	49	0	0
42	49	0	0
42	50	0	0
42	59	0	0
42	59	0	0
42	59	0	0
42	59	0	0
42	59	0	0
42	59	0	0
42	59	0	0
42	59	0	0
52	59	0	0
52	59	0	0
52	59	0	0
52	59	0	0
52	59	0	0
52	59	0	0
52	52	0	0
45	52	0	0
45	52	0	0
45	52	0	0
45	52	0	0
45	49	0	0
45	49	0	0
54	49	0	0
54	39	0	0
54	38	0	0
54	38	0	0
54	38	0	0
54	38	0	0
54	38	0	0
54	38	0	0
54	38	0	0
54	38	0	0
54	38	0	0
54	38	0	0
54	38	0	0
53	38	0	0
53	38	0	0
53	38	0	0
57	57	0	0
57	44	0	0
57	44	0	0
57	44	0	0
57	44	0	0
57	44	0	0
57	44	0	0
37	44	0	0
37	44	0	0
37	44	0	0
37	44	0	0
37	44	0	0
37	44	0	0
37	44	0	0
37	44	0	0
37	48	0	0
37	48	0	0
37	48	0	0
37	48	0	0
37	48	0	0
39	48	0	0
39	48	0	0
42	48	0	0
42	58	0	0
42	58	0	0
42	58	0	0
42	58	0	0
42	58	0	0
42	58	0	0
42	58	0	0
42	58	0	0
46	58	0	0
46	58	0	0
46	58	0	0
46	58	0	0
46	58	0	0
56	49	0	0
56	49	0	0
56	49	0	0
56	49	0	0
56	49	0	0
56	49	0	0
56	49	0	0
56	49	0	0
56	42	0	0
56	42	0	0
56	42	0	0
56	42	0	0
56	42	0	0
50	42	0	0
50	42	0	0
50	42	0	0
50	42	0	0
50	42	0	0
50	42	0	0
50	42	0	0
50	42	0	0
50	42	0	0
50	42	0	0
50	42	0	0
50	42	0	0
50	42	0	0
58	42	0	0
58	42	0	0
37	42	0	0
37	42	0	0
37	42	0	0
37	46	0	0
37	46	0	0
37	46	0	0
37	46	0	0
55	46	0	0
55	46	0	0
55	46	0	0
55	46	0	0
55	46	0	0
55	38	0	0
43	38	0	0
43	38	0	0
43	38	0	0
43	38	0	0
43	38	0	0
43	38	0	0
43	38	0	0
43	56	0	0
44	56	0	0
44	56	0	0
44	56	0	0
44	56	0	0
44	56	0	0
44	56	0	0
44	56	0	0
44	59	0	0
44	59	0	0
44	59	0	0
52	59	0	0
52	59	0	0
52	59	0	0
52	59	0	0
52	59	0	0
52	59	0	0
52	56	0	0
52	56	0	0
52	56	0	0
52	56	0	0
52	56	0	0
52	56	0	0
59	56	0	0
59	56	0	0
59	42	0	0
59	42	0	0
59	42	0	0
59	42	0	0
59	42	0	0
59	42	0	0
59	42	0	0
59	42	0	0
49	42	0	0
49	42	0	0
49	42	0	0
49	42	0	0
49	42	0	0
49	52	0	0
49	52	0	0
49	52	0	0
49	52	0	0
45	52	0	0
45	52	0	0
45	52	0	0
45	52	0	0
45	52	0	0
45	56	0	0
45	56	0	0
45	56	0	0
40	42	0	0
40	42	0	0
40	42	0	0
49	42	0	0
49	44	0	0
49	44	0	0
49	44	0	0
49	44	0	0
49	44	0	0
49	44	0	0
49	44	0	0
49	44	0	0
49	44	0	0
49	44	0	0
49	44	0	0
49	49	0	0
49	49	0	0
58	49	0	0
58	49	0	0
56	49	0	0
56	49	0	0
56	49	0	0
56	49	0	0
56	49	0	0
56	49	0	0
56	49	0	0
57	49	0	0
57	49	0	0
57	49	0	0
57	59	0	0
57	59	0	0
57	59	0	0
57	59	0	0
57	59	0	0
57	59	0	0
57	59	0	0
57	59	0	0
57	59	0	0
44	59	0	0
44	59	0	0
44	59	0	0
44	59	0	0
44	59	0	0
44	43	0	0
44	43	0	0
44	43	0	0
42	49	0	0
42	49	0	0
42	49	0	0
42	49	0	0
42	49	0	0
42	49	0	0
42	49	0	0
42	49	0	0
42	49	0	0
42	49	0	0
42	49	0	0
40	49	0	0
40	58	0	0
40	58	0	0
40	58	0	0
40	58	0	0
40	58	0	0
40	58	0	0
50	58	0	0
50	58	0	0
50	49	0	0
50	49	0	0
50	49	0	0
50	49	0	0
50	49	0	0
50	49	0	0
50	49	0	0
50	49	0	0
50	49	0	0
50	49	0	0
40	49	0	0
40	49	0	0
40	57	0	0
40	57	0	0
40	57	0	0
40	57	0	0
40	57	0	0
38	57	0	0
38	57	0	0
38	57	0	0
38	57	0	0
38	57	0	0
38	57	0	0
38	57	0	0
38	57	0	0
38	57	0	0
38	38	0	0
38	38	0	0
58	38	0	0
42	38	0	0
42	38	0	0
42	38	0	0
42	38	0	0
42	38	0	0
42	37	0	0
42	37	0	0
42	37	0	0
42	37	0	0
42	37	0	0
46	37	0	0
46	37	0	0
46	37	0	0
46	37	0	0
46	37	0	0
56	37	0	0
56	37	0	0
56	37	0	0
56	50	0	0
56	50	0	0
56	50	0	0
56	50	0	0
56	50	0	0
56	50	0	0
56	50	0	0
38	50	0	0
38	50	0	0
38	52	0	0
38	52	0	0
38	52	0	0
38	44	0	0
38	44	0	0
38	44	0	0
52	43	0	0
52	43	0	0
52	43	0	0
52	43	0	0
52	43	0	0
52	43	0	0
52	43	0	0
52	43	0	0
52	43	0	0
52	43	0	0
52	43	0	0
52	44	0	0
52	44	0	0
52	44	0	0
56	44	0	0
56	44	0	0
56	44	0	0
56	44	0	0
56	54	0	0
56	54	0	0
56	54	0	0
56	54	0	0
45	54	0	0
45	47	0	0
45	47	0	0
45	47	0	0
45	47	0	0
45	47	0	0
45	47	0	0
45	47	0	0
45	47	0	0
45	47	0	0
45	47	0	0
44	47	0	0
44	47	0	0
44	47	0	0
44	47	0	0
44	38	0	0
44	38	0	0
44	38	0	0
44	38	0	0
44	38	0	0
44	38	0	0
44	38	0	0
47	48	0	0
47	48	0	0
47	48	0	0
47	48	0	0
47	48	0	0
47	48	0	0
47	48	0	0
47	53	0	0
47	53	0	0
57	53	0	0
57	53	0	0
57	53	0	0
57	53	0	0
57	53	0	0
57	53	0	0
57	53	0	0
57	40	0	0
57	40	0	0
47	40	0	0
47	40	0	0
47	40	0	0
47	40	0	0
47	40	0	0
47	40	0	0
47	40	0	0
47	40	0	0
47	40	0	0
47	57	0	0
47	57	0	0
47	57	0	0
47	57	0	0
60	53	0	0
60	53	0	0
57	53	0	0
57	53	0	0
57	53	0	0
50	53	0	0
50	53	0	0
50	53	0	0
50	53	0	0
50	54	0	0
50	54	0	0
50	54	0	0
50	54	0	0
50	54	0	0
45	54	0	0
45	54	0	0
45	54	0	0
45	54	0	0
45	54	0	0
45	54	0	0
45	54	0	0
45	54	0	0
45	58	0	0
45	58	0	0
54	58	0	0
54	58	0	0
54	58	0	0
54	58	0	0
54	58	0	0
54	58	0	0
54	58	0	0
54	58	0	0
54	58	0	0
54	37	0	0
54	37	0	0
54	37	0	0
54	37	0	0
54	37	0	0
44	37	0	0
44	37	0	0
44	37	0	0
44	37	0	0
44	37	0	0
44	37	0	0
44	37	0	0
44	37	0	0
44	40	0	0
44	40	0	0
44	40	0	0
37	40	0	0
37	40	0	0
37	40	0	0
37	40	0	0
37	40	0	0
37	40	0	0
37	45	0	0
37	45	0	0
37	45	0	0
37	45	0	0
37	45	0	0
49	45	0	0
49	45	0	0
49	45	0	0
49	45	0	0
49	45	0	0
49	45	0	0
49	45	0	0
49	45	0	0
49	45	0	0
49	51	0	0
49	49	0	0
56	49	0	0
56	49	0	0
56	49	0	0
56	49	0	0
56	49	0	0
56	49	0	0
56	49	0	0
56	49	0	0
56	44	0	0
56	44	0	0
56	44	0	0
37	44	0	0
37	44	0	0
37	44	0	0
37	44	0	0
37	44	0	0
37	44	0	0
37	44	0	0
37	44	0	0
37	44	0	0
37	40	0	0
37	40	0	0
37	40	0	0
37	40	0	0
50	40	0	0
50	40	0	0
50	40	0	0
50	40	0	0
50	40	0	0
50	40	0	0
50	40	0	0
50	40	0	0
50	40	0	0
50	49	0	0
50	49	0	0
50	49	0	0
50	49	0	0
50	49	0	0
37	49	0	0
37	49	0	0
37	49	0	0
37	49	0	0
37	37	0	0
37	37	0	0
37	37	0	0
37	37	0	0
37	37	0	0
37	48	0	0
37	48	0	0
37	48	0	0
57	48	0	0
57	44	0	0
40	44	0	0
40	44	0	0
40	44	0	0
40	44	0	0
40	44	0	0
40	42	0	0
40	42	0	0
40	42	0	0
54	42	0	0
54	42	0	0
54	42	0	0
54	42	0	0
54	38	0	0
54	38	0	0
54	38	0	0
54	38	0	0
54	38	0	0
54	38	0	0
45	38	0	0
47	38	0	0
47	38	0	0
47	38	0	0
47	38	0	0
47	38	0	0
47	38	0	0
47	38	0	0
47	38	0	0
44	38	0	0
44	38	0	0
44	42	0	0
44	42	0	0
44	42	0	0
44	42	0	0
44	42	0	0
44	42	0	0
44	42	0	0
44	42	0	0
44	57	0	0
44	57	0	0
44	57	0	0
44	57	0	0
59	38	0	0
59	38	0	0
59	38	0	0
59	38	0	0
59	38	0	0
54	45	0	0
54	45	0	0
54	45	0	0
54	45	0	0
54	45	0	0
54	45	0	0
54	45	0	0
54	45	0	0
54	45	0	0
54	40	0	0
54	40	0	0
52	40	0	0
52	40	0	0
49	40	0	0
49	40	0	0
49	40	0	0
49	40	0	0
49	37	0	0
49	37	0	0
49	37	0	0
49	37	0	0
49	37	0	0
49	37	0	0
59	47	0	0
59	47	0	0
59	47	0	0
59	47	0	0
59	47	0	0
59	47	0	0
44	57	0	0
44	57	0	0
44	57	0	0
44	57	0	0
44	57	0	0
44	57	0	0
44	56	0	0
44	56	0	0
44	56	0	0
52	56	0	0
52	44	0	0
52	44	0	0
52	44	0	0
52	44	0	0
52	44	0	0
52	44	0	0
52	44	0	0
52	44	0	0
52	44	0	0
52	44	0	0
52	44	0	0
52	44	0	0
50	44	0	0
50	59	0	0
50	59	0	0
50	59	0	0
50	59	0	0
50	59	0	0
50	59	0	0
50	59	0	0
49	59	0	0
49	59	0	0
49	59	0	0
49	59	0	0
49	59	0	0
49	59	0	0
49	59	0	0
49	42	0	0
49	42	0	0
49	42	0	0
49	42	0	0
49	42	0	0
49	42	0	0
49	42	0	0
50	57	0	0
50	57	0	0
50	57	0	0
50	57	0	0
50	57	0	0
50	57	0	0
50	57	0	0
50	57	0	0
50	57	0	0
50	57	0	0
50	57	0	0
50	57	0	0
39	57	0	0
52	57	0	0
52	50	0	0
52	50	0	0
52	50	0	0
52	50	0	0
52	50	0	0
52	50	0	0
52	50	0	0
52	50	0	0
52	40	0	0
52	40	0	0
59	40	0	0
59	40	0	0
59	40	0	0
59	40	0	0
59	40	0	0
59	40	0	0
59	40	0	0
59	40	0	0
59	44	0	0
59	44	0	0
59	44	0	0
41	44	0	0
41	44	0	0
41	44	0	0
41	44	0	0
41	44	0	0
41	44	0	0
41	42	0	0
41	42	0	0
41	42	0	0
58	42	0	0
58	42	0	0
58	42	0	0
58	42	0	0
58	42	0	0
58	54	0	0
58	54	0	0
58	54	0	0
58	54	0	0
58	54	0	0
58	54	0	0
42	54	0	0
42	54	0	0
42	54	0	0
42	54	0	0
42	42	0	0
42	42	0	0
42	42	0	0
42	42	0	0
42	42	0	0
42	42	0	0
42	42	0	0
42	42	0	0
52	49	0	0
52	49	0	0
52	49	0	0
52	49	0	0
52	49	0	0
37	49	0	0
37	49	0	0
37	49	0	0
37	49	0	0
37	49	0	0
42	49	0	0
42	44	0	0
42	44	0	0
42	44	0	0
47	44	0	0
51	44	0	0
37	44	0	0
37	44	0	0
37	44	0	0
37	44	0	0
37	44	0	0
37	44	0	0
41	44	0	0
41	44	0	0
41	45	0	0
41	45	0	0
41	45	0	0
41	45	0	0
41	45	0	0
56	49	0	0
56	49	0	0
56	49	0	0
56	49	0	0
56	49	0	0
56	49	0	0
56	49	0	0
56	49	0	0
56	49	0	0
56	49	0	0
56	44	0	0
56	44	0	0
56	44	0	0
37	44	0	0
37	44	0	0
37	44	0	0
37	44	0	0
37	44	0	0
37	44	0	0
37	44	0	0
37	45	0	0
37	45	0	0
37	45	0	0
37	45	0	0
37	45	0	0
37	45	0	0
37	45	0	0
37	45	0	0
37	45	0	0
55	45	0	0
55	45	0	0
55	45	0	0
52	45	0	0
52	45	0	0
52	44	0	0
50	44	0	0
50	44	0	0
50	44	0	0
50	44	0	0
50	44	0	0
50	44	0	0
50	57	0	0
50	57	0	0
50	57	0	0
42	57	0	0
42	57	0	0
42	57	0	0
42	57	0	0
42	57	0	0
42	57	0	0
42	57	0	0
42	57	0	0
42	54	0	0
42	54	0	0
37	54	0	0
37	54	0	0
37	54	0	0
37	59	0	0
50	59	0	0
50	59	0	0
50	59	0	0
50	59	0	0
50	59	0	0
50	59	0	0
50	59	0	0
50	59	0	0
50	59	0	0
50	59	0	0
50	59	0	0
50	59	0	0
50	59	0	0
50	56	0	0
49	56	0	0
49	56	0	0
49	56	0	0
49	56	0	0
49	56	0	0
49	56	0	0
49	56	0	0
49	56	0	0
49	56	0	0
49	56	0	0
40	56	0	0
40	45	0	0
40	45	0	0
40	45	0	0
40	45	0	0
40	45	0	0
40	45	0	0
40	45	0	0
50	45	0	0
50	40	0	0
50	40	0	0
50	40	0	0
50	40	0	0
50	40	0	0
50	40	0	0
50	40	0	0
50	52	0	0
50	52	0	0
50	52	0	0
50	52	0	0
37	52	0	0
37	52	0	0
37	52	0	0
37	52	0	0
37	52	0	0
37	52	0	0
37	52	0	0
37	52	0	0
37	52	0	0
37	52	0	0
37	48	0	0
37	48	0	0
37	48	0	0
57	48	0	0
57	48	0	0
57	48	0	0
55	48	0	0
48	37	0	0
48	37	0	0
48	37	0	0
48	37	0	0
57	54	0	0
57	54	0	0
57	54	0	0
57	54	0	0
57	37	0	0
57	37	0	0
57	37	0	0
57	37	0	0
57	37	0	0
57	37	0	0
57	37	0	0
42	37	0	0
42	37	0	0
42	37	0	0
42	37	0	0
42	37	0	0
42	37	0	0
42	41	0	0
42	41	0	0
42	41	0	0
42	41	0	0
42	41	0	0
45	56	0	0
45	56	0	0
45	56	0	0
45	56	0	0
45	56	0	0
47	56	0	0
47	56	0	0
47	56	0	0
47	56	0	0
47	56	0	0
47	56	0	0
47	56	0	0
47	42	0	0
47	42	0	0
47	42	0	0
47	42	0	0
47	42	0	0
47	42	0	0
47	42	0	0
49	42	0	0
49	42	0	0
49	42	0	0
49	42	0	0
49	42	0	0
49	42	0	0
49	38	0	0
49	38	0	0
49	38	0	0
49	38	0	0
49	38	0	0
49	40	0	0
49	40	0	0
49	40	0	0
44	40	0	0
44	40	0	0
44	40	0	0
44	40	0	0
44	40	0	0
44	40	0	0
44	40	0	0
44	40	0	0
52	40	0	0
52	40	0	0
52	37	0	0
52	37	0	0
52	37	0	0
52	37	0	0
52	37	0	0
52	37	0	0
52	37	0	0
52	37	0	0
52	37	0	0
52	37	0	0
52	37	0	0
44	37	0	0
44	37	0	0
44	37	0	0
44	37	0	0
44	37	0	0
44	37	0	0
44	37	0	0
44	37	0	0
44	37	0	0
44	37	0	0
44	37	0	0
44	37	0	0
44	37	0	0
52	37	0	0
52	38	0	0
52	38	0	0
52	38	0	0
52	38	0	0
52	38	0	0
52	38	0	0
52	38	0	0
52	38	0	0
52	38	0	0
52	38	0	0
41	38	0	0
41	38	0	0
41	38	0	0
41	38	0	0
41	37	0	0
41	37	0	0
41	37	0	0
41	37	0	0
41	37	0	0
41	37	0	0
41	37	0	0
41	37	0	0
49	37	0	0
49	37	0	0
49	37	0	0
49	37	0	0
49	52	0	0
49	52	0	0
49	52	0	0
49	52	0	0
49	52	0	0
49	52	0	0
49	52	0	0
37	52	0	0
37	52	0	0
37	52	0	0
37	52	0	0
37	52	0	0
37	52	0	0
49	52	0	0
49	45	0	0
49	45	0	0
49	45	0	0
49	45	0	0
49	45	0	0
49	45	0	0
49	45	0	0
49	45	0	0
49	45	0	0
52	45	0	0
52	45	0	0
52	45	0	0
52	45	0	0
52	45	0	0
52	54	0	0
39	54	0	0
39	54	0	0
39	54	0	0
39	54	0	0
39	54	0	0
46	54	0	0
46	54	0	0
46	54	0	0
46	54	0	0
46	54	0	0
46	54	0	0
46	54	0	0
59	45	0	0
59	45	0	0
59	45	0	0
59	45	0	0
59	45	0	0
59	45	0	0
59	45	0	0
59	45	0	0
47	45	0	0
47	45	0	0
47	45	0	0
47	45	0	0
59	47	0	0
59	47	0	0
59	45	0	0
59	45	0	0
49	45	0	0
49	45	0	0
49	45	0	0
49	45	0	0
49	50	0	0
49	50	0	0
49	50	0	0
49	42	0	0
45	42	0	0
45	42	0	0
45	42	0	0
45	42	0	0
45	42	0	0
45	42	0	0
45	42	0	0
45	42	0	0
45	49	0	0
45	49	0	0
45	49	0	0
57	49	0	0
57	49	0	0
57	49	0	0
57	49	0	0
57	49	0	0
57	49	0	0
57	49	0	0
57	49	0	0
57	49	0	0
57	49	0	0
57	49	0	0
57	40	0	0
57	40	0	0
50	40	0	0
50	40	0	0
50	40	0	0
50	40	0	0
50	40	0	0
50	40	0	0
50	38	0	0
50	38	0	0
50	45	0	0
50	45	0	0
50	45	0	0
50	45	0	0
50	45	0	0
54	45	0	0
54	45	0	0
54	45	0	0
54	45	0	0
54	45	0	0
54	45	0	0
54	53	0	0
54	53	0	0
54	53	0	0
48	53	0	0
48	53	0	0
48	53	0	0
48	53	0	0
47	53	0	0
47	53	0	0
47	40	0	0
47	40	0	0
47	40	0	0
47	40	0	0
47	40	0	0
47	40	0	0
47	40	0	0
47	40	0	0
47	40	0	0
47	56	0	0
47	56	0	0
47	56	0	0
47	56	0	0
47	56	0	0
47	56	0	0
47	56	0	0
47	37	0	0
47	37	0	0
49	37	0	0
49	37	0	0
49	37	0	0
49	37	0	0
49	37	0	0
49	37	0	0
49	37	0	0
49	37	0	0
49	37	0	0
49	37	0	0
49	37	0	0
44	47	0	0
44	47	0	0
44	47	0	0
44	47	0	0
44	47	0	0
40	47	0	0
52	47	0	0
52	47	0	0
52	47	0	0
52	47	0	0
52	47	0	0
52	47	0	0
52	47	0	0
52	57	0	0
48	57	0	0
48	57	0	0
48	57	0	0
48	40	0	0
48	40	0	0
44	40	0	0
44	40	0	0
44	40	0	0
44	40	0	0
47	40	0	0
47	40	0	0
47	52	0	0
47	52	0	0
47	52	0	0
47	52	0	0
47	52	0	0
47	52	0	0
47	52	0	0
47	52	0	0
47	52	0	0
47	52	0	0
45	52	0	0
45	53	0	0
45	56	0	0
45	56	0	0
45	56	0	0
45	56	0	0
45	47	0	0
45	47	0	0
45	47	0	0
45	47	0	0
45	47	0	0
45	46	0	0
52	46	0	0
52	46	0	0
52	46	0	0
52	46	0	0
52	46	0	0
52	46	0	0
52	46	0	0
52	46	0	0
52	46	0	0
52	46	0	0
56	46	0	0
56	46	0	0
56	46	0	0
56	39	0	0
59	39	0	0
59	39	0	0
59	39	0	0
59	39	0	0
47	39	0	0
47	40	0	0
47	40	0	0
47	40	0	0
47	40	0	0
56	40	0	0
56	40	0	0
56	40	0	0
56	40	0	0
56	40	0	0
56	59	0	0
56	59	0	0
56	59	0	0
56	59	0	0
52	59	0	0
52	59	0	0
52	59	0	0
52	59	0	0
52	59	0	0
52	59	0	0
52	59	0	0
52	59	0	0
52	59	0	0
52	59	0	0
54	47	0	0
54	47	0	0
54	47	0	0
54	47	0	0
54	53	0	0
54	53	0	0
54	53	0	0
54	53	0	0
54	53	0	0
54	53	0	0
54	53	0	0
54	53	0	0
54	53	0	0
54	53	0	0
56	53	0	0
56	53	0	0
56	53	0	0
56	53	0	0
56	37	0	0
56	37	0	0
56	37	0	0
56	37	0	0
56	37	0	0
56	37	0	0
47	37	0	0
47	37	0	0
47	37	0	0
47	37	0	0
47	37	0	0
47	38	0	0
47	38	0	0
47	38	0	0
47	38	0	0
47	38	0	0
47	38	0	0
47	38	0	0
47	38	0	0
41	38	0	0
41	38	0	0
41	38	0	0
41	44	0	0
41	44	0	0
41	44	0	0
41	44	0	0
41	44	0	0
37	44	0	0
37	44	0	0
37	41	0	0
37	41	0	0
37	41	0	0
37	41	0	0
37	41	0	0
37	41	0	0
37	41	0	0
37	41	0	0
37	41	0	0
37	41	0	0
37	41	0	0
37	41	0	0
48	41	0	0
48	41	0	0
48	41	0	0
48	41	0	0
50	41	0	0
50	41	0	0
50	59	0	0
54	59	0	0
54	59	0	0
54	59	0	0
54	59	0	0
54	59	0	0
54	59	0	0
54	59	0	0
54	59	0	0
54	59	0	0
54	54	0	0
45	54	0	0
45	54	0	0
45	54	0	0
45	54	0	0
45	54	0	0
45	54	0	0
45	54	0	0
45	54	0	0
45	54	0	0
45	54	0	0
45	54	0	0
45	54	0	0
56	45	0	0
56	45	0	0
56	45	0	0
56	45	0	0
56	58	0	0
56	58	0	0
56	58	0	0
56	52	0	0
56	52	0	0
56	52	0	0
56	52	0	0
56	52	0	0
56	52	0	0
56	52	0	0
56	52	0	0
56	52	0	0
56	52	0	0
56	52	0	0
47	50	0	0
47	50	0	0
47	50	0	0
47	50	0	0
47	50	0	0
47	50	0	0
47	50	0	0
47	50	0	0
47	50	0	0
47	50	0	0
57	52	0	0
57	52	0	0
57	52	0	0
57	52	0	0
57	50	0	0
57	50	0	0
57	50	0	0
56	50	0	0
56	50	0	0
45	50	0	0
45	50	0	0
45	56	0	0
45	56	0	0
45	56	0	0
45	56	0	0
45	56	0	0
45	56	0	0
45	56	0	0
45	56	0	0
45	56	0	0
45	56	0	0
45	56	0	0
49	56	0	0
49	47	0	0
49	47	0	0
49	47	0	0
49	47	0	0
49	47	0	0
49	47	0	0
49	47	0	0
49	47	0	0
49	47	0	0
49	47	0	0
49	39	0	0
51	39	0	0
51	39	0	0
51	54	0	0
51	54	0	0
51	54	0	0
47	54	0	0
47	54	0	0
47	54	0	0
47	54	0	0
47	54	0	0
47	54	0	0
47	54	0	0
47	54	0	0
47	54	0	0
47	54	0	0
47	54	0	0
47	48	0	0
47	48	0	0
47	48	0	0
56	48	0	0
56	48	0	0
56	48	0	0
56	48	0	0
56	48	0	0
56	48	0	0
56	48	0	0
56	48	0	0
56	54	0	0
56	54	0	0
56	54	0	0
56	54	0	0
56	54	0	0
59	54	0	0
59	40	0	0
59	40	0	0
59	40	0	0
59	40	0	0
59	40	0	0
44	40	0	0
44	40	0	0
44	40	0	0
44	40	0	0
44	40	0	0
44	39	0	0
44	39	0	0
44	59	0	0
44	59	0	0
44	59	0	0
44	59	0	0
44	59	0	0
44	59	0	0
39	45	0	0
39	52	0	0
39	52	0	0
39	52	0	0
39	52	0	0
44	52	0	0
44	52	0	0
44	52	0	0
44	52	0	0
44	52	0	0
44	52	0	0
44	52	0	0
44	52	0	0
45	52	0	0
45	52	0	0
45	52	0	0
45	52	0	0
45	52	0	0
45	52	0	0
45	52	0	0
45	52	0	0
45	59	0	0
45	59	0	0
45	59	0	0
45	59	0	0
45	59	0	0
38	59	0	0
38	59	0	0
38	59	0	0
38	59	0	0
38	59	0	0
50	57	0	0
50	57	0	0
50	57	0	0
50	57	0	0
50	57	0	0
50	57	0	0
50	57	0	0
50	57	0	0
40	57	0	0
40	57	0	0
40	57	0	0
40	57	0	0
40	57	0	0
40	45	0	0
40	45	0	0
40	45	0	0
40	45	0	0
40	45	0	0
40	60	0	0
40	60	0	0
40	60	0	0
40	60	0	0
40	60	0	0
40	60	0	0
40	60	0	0
40	60	0	0
40	60	0	0
40	60	0	0
40	60	0	0
40	60	0	0
40	60	0	0
45	60	0	0
45	47	0	0
45	47	0	0
45	47	0	0
45	47	0	0
45	44	0	0
45	44	0	0
50	44	0	0
50	44	0	0
50	44	0	0
50	44	0	0
50	44	0	0
50	44	0	0
50	37	0	0
50	37	0	0
50	37	0	0
50	37	0	0
50	37	0	0
50	37	0	0
50	37	0	0
40	37	0	0
40	37	0	0
40	37	0	0
40	37	0	0
40	37	0	0
40	37	0	0
40	38	0	0
40	38	0	0
40	38	0	0
40	38	0	0
47	38	0	0
47	38	0	0
47	38	0	0
47	38	0	0
47	38	0	0
47	38	0	0
47	38	0	0
47	42	0	0
47	42	0	0
47	42	0	0
47	42	0	0
47	42	0	0
37	42	0	0
37	42	0	0
37	42	0	0
51	42	0	0
51	52	0	0
51	52	0	0
51	52	0	0
51	52	0	0
51	52	0	0
51	52	0	0
51	52	0	0
51	52	0	0
51	52	0	0
51	52	0	0
51	52	0	0
60	52	0	0
60	49	0	0
60	49	0	0
60	49	0	0
60	48	0	0
60	48	0	0
45	48	0	0
45	48	0	0
45	48	0	0
56	48	0	0
56	48	0	0
56	48	0	0
56	48	0	0
56	48	0	0
55	48	0	0
59	56	0	0
59	37	0	0
59	37	0	0
59	37	0	0
59	37	0	0
59	37	0	0
59	37	0	0
59	37	0	0
59	37	0	0
59	37	0	0
59	37	0	0
59	37	0	0
59	37	0	0
45	37	0	0
45	58	0	0
45	58	0	0
45	58	0	0
45	58	0	0
45	44	0	0
45	44	0	0
45	60	0	0
45	60	0	0
45	60	0	0
45	56	0	0
45	56	0	0
45	56	0	0
44	56	0	0
44	56	0	0
44	56	0	0
44	56	0	0
44	56	0	0
44	56	0	0
44	56	0	0
44	49	0	0
44	49	0	0
44	49	0	0
44	50	0	0
44	50	0	0
55	50	0	0
55	50	0	0
55	50	0	0
55	57	0	0
55	45	0	0
52	45	0	0
52	45	0	0
52	45	0	0
52	45	0	0
52	43	0	0
52	43	0	0
52	43	0	0
52	43	0	0
52	43	0	0
50	43	0	0
50	43	0	0
50	43	0	0
50	47	0	0
50	47	0	0
50	47	0	0
50	47	0	0
50	47	0	0
50	47	0	0
50	57	0	0
50	57	0	0
50	45	0	0
50	52	0	0
50	52	0	0
44	52	0	0
44	52	0	0
44	52	0	0
44	52	0	0
44	52	0	0
44	52	0	0
44	52	0	0
44	52	0	0
44	52	0	0
44	45	0	0
44	45	0	0
44	45	0	0
40	45	0	0
40	45	0	0
40	45	0	0
40	45	0	0
40	45	0	0
40	45	0	0
40	45	0	0
40	45	0	0
40	45	0	0
40	45	0	0
40	45	0	0
54	45	0	0
54	53	0	0
54	53	0	0
54	53	0	0
54	53	0	0
44	53	0	0
44	41	0	0
44	41	0	0
44	41	0	0
44	41	0	0
44	41	0	0
44	41	0	0
44	41	0	0
44	41	0	0
44	41	0	0
50	41	0	0
50	41	0	0
50	41	0	0
50	41	0	0
50	41	0	0
50	43	0	0
50	43	0	0
50	43	0	0
50	43	0	0
50	43	0	0
50	57	0	0
50	57	0	0
50	57	0	0
50	57	0	0
50	57	0	0
50	57	0	0
42	57	0	0
42	57	0	0
42	57	0	0
42	57	0	0
42	57	0	0
42	57	0	0
42	40	0	0
42	40	0	0
42	40	0	0
42	40	0	0
42	40	0	0
42	40	0	0
42	40	0	0
42	40	0	0
47	40	0	0
47	40	0	0
47	40	0	0
47	40	0	0
47	40	0	0
47	56	0	0
47	56	0	0
47	56	0	0
50	56	0	0
50	56	0	0
50	56	0	0
50	56	0	0
50	56	0	0
50	56	0	0
50	56	0	0
50	56	0	0
50	56	0	0
50	56	0	0
53	56	0	0
53	38	0	0
53	38	0	0
53	38	0	0
53	38	0	0
53	38	0	0
53	57	0	0
53	57	0	0
53	57	0	0
53	57	0	0
53	57	0	0
53	57	0	0
50	57	0	0
42	57	0	0
42	57	0	0
42	57	0	0
50	57	0	0
50	57	0	0
50	57	0	0
50	37	0	0
50	37	0	0
44	37	0	0
44	37	0	0
44	37	0	0
44	37	0	0
53	37	0	0
53	37	0	0
53	37	0	0
53	37	0	0
53	37	0	0
53	37	0	0
53	50	0	0
53	50	0	0
53	50	0	0
53	50	0	0
53	50	0	0
53	50	0	0
50	40	0	0
44	40	0	0
44	40	0	0
44	40	0	0
44	40	0	0
44	42	0	0
44	42	0	0
44	42	0	0
44	42	0	0
44	42	0	0
59	42	0	0
59	42	0	0
59	42	0	0
59	42	0	0
59	42	0	0
59	42	0	0
59	42	0	0
47	42	0	0
47	45	0	0
47	45	0	0
47	45	0	0
47	45	0	0
47	45	0	0
47	45	0	0
47	45	0	0
47	45	0	0
47	45	0	0
47	45	0	0
47	45	0	0
47	45	0	0
57	45	0	0
57	45	0	0
57	59	0	0
57	59	0	0
57	59	0	0
57	59	0	0
57	50	0	0
57	50	0	0
57	50	0	0
57	50	0	0
57	50	0	0
59	50	0	0
59	50	0	0
59	57	0	0
48	57	0	0
52	57	0	0
52	57	0	0
52	57	0	0
52	57	0	0
52	59	0	0
52	59	0	0
52	59	0	0
52	59	0	0
52	59	0	0
52	59	0	0
52	59	0	0
52	59	0	0
52	59	0	0
52	59	0	0
44	59	0	0
44	59	0	0
44	56	0	0
44	56	0	0
44	56	0	0
44	56	0	0
44	56	0	0
44	56	0	0
49	56	0	0
49	56	0	0
49	56	0	0
49	56	0	0
49	56	0	0
49	56	0	0
49	56	0	0
49	47	0	0
49	47	0	0
49	47	0	0
49	47	0	0
49	54	0	0
59	54	0	0
59	54	0	0
59	54	0	0
59	54	0	0
59	54	0	0
59	54	0	0
59	54	0	0
59	54	0	0
59	54	0	0
47	54	0	0
47	44	0	0
47	44	0	0
37	44	0	0
37	44	0	0
37	44	0	0
37	44	0	0
37	44	0	0
37	44	0	0
37	44	0	0
37	44	0	0
37	40	0	0
37	40	0	0
37	40	0	0
37	40	0	0
37	40	0	0
53	57	0	0
53	57	0	0
50	57	0	0
50	57	0	0
50	57	0	0
50	57	0	0
50	57	0	0
50	57	0	0
50	60	0	0
50	60	0	0
50	60	0	0
50	60	0	0
50	60	0	0
50	60	0	0
50	60	0	0
50	60	0	0
52	60	0	0
52	60	0	0
52	60	0	0
52	60	0	0
52	58	0	0
52	58	0	0
44	59	0	0
44	59	0	0
44	59	0	0
44	59	0	0
44	59	0	0
44	59	0	0
44	59	0	0
44	59	0	0
44	59	0	0
44	59	0	0
44	59	0	0
44	59	0	0
44	59	0	0
50	59	0	0
50	59	0	0
50	59	0	0
50	59	0	0
50	59	0	0
50	59	0	0
50	59	0	0
50	59	0	0
50	59	0	0
50	59	0	0
50	59	0	0
50	59	0	0
50	59	0	0
41	54	0	0
41	54	0	0
38	54	0	0
38	54	0	0
38	54	0	0
38	54	0	0
47	54	0	0
47	54	0	0
42	54	0	0
42	54	0	0
42	54	0	0
59	54	0	0
59	54	0	0
59	54	0	0
59	47	0	0
59	47	0	0
59	47	0	0
59	47	0	0
59	47	0	0
59	47	0	0
59	47	0	0
59	47	0	0
59	47	0	0
59	47	0	0
59	47	0	0
42	47	0	0
42	47	0	0
42	47	0	0
42	52	0	0
42	52	0	0
42	52	0	0
42	52	0	0
42	52	0	0
42	52	0	0
42	52	0	0
42	52	0	0
42	52	0	0
42	56	0	0
47	56	0	0
47	56	0	0
47	56	0	0
47	56	0	0
47	56	0	0
47	56	0	0
47	56	0	0
47	45	0	0
47	45	0	0
47	45	0	0
47	45	0	0
47	45	0	0
47	45	0	0
47	45	0	0
47	46	0	0
47	46	0	0
47	46	0	0
47	46	0	0
47	46	0	0
37	46	0	0
37	46	0	0
37	46	0	0
52	46	0	0
52	46	0	0
49	46	0	0
49	46	0	0
49	46	0	0
49	44	0	0
49	44	0	0
49	44	0	0
49	44	0	0
49	44	0	0
49	44	0	0
59	44	0	0
59	44	0	0
59	38	0	0
59	38	0	0
59	38	0	0
59	38	0	0
59	38	0	0
59	38	0	0
59	38	0	0
59	38	0	0
50	38	0	0
50	38	0	0
50	38	0	0
50	38	0	0
50	38	0	0
50	38	0	0
50	58	0	0
50	58	0	0
50	47	0	0
50	47	0	0
50	47	0	0
52	47	0	0
52	47	0	0
52	47	0	0
52	47	0	0
52	47	0	0
52	47	0	0
52	47	0	0
52	47	0	0
52	47	0	0
52	47	0	0
40	47	0	0
40	57	0	0
40	57	0	0
40	57	0	0
40	57	0	0
40	57	0	0
40	57	0	0
40	57	0	0
40	40	0	0
47	40	0	0
47	40	0	0
47	40	0	0
47	40	0	0
47	40	0	0
47	40	0	0
47	40	0	0
49	40	0	0
49	44	0	0
49	44	0	0
49	44	0	0
49	44	0	0
49	44	0	0
49	44	0	0
49	44	0	0
49	44	0	0
49	44	0	0
49	44	0	0
49	44	0	0
49	53	0	0
46	53	0	0
46	53	0	0
46	53	0	0
46	53	0	0
46	53	0	0
46	57	0	0
46	57	0	0
46	57	0	0
46	57	0	0
46	57	0	0
46	57	0	0
46	57	0	0
46	57	0	0
46	57	0	0
46	57	0	0
46	57	0	0
50	57	0	0
50	57	0	0
50	45	0	0
50	45	0	0
50	45	0	0
50	45	0	0
50	45	0	0
50	45	0	0
50	45	0	0
50	45	0	0
50	45	0	0
50	45	0	0
41	45	0	0
41	45	0	0
41	45	0	0
41	45	0	0
41	45	0	0
42	45	0	0
42	45	0	0
42	45	0	0
42	45	0	0
42	45	0	0
42	40	0	0
42	40	0	0
42	40	0	0
42	40	0	0
42	40	0	0
45	40	0	0
45	40	0	0
45	40	0	0
45	40	0	0
45	40	0	0
45	44	0	0
45	44	0	0
45	44	0	0
45	44	0	0
45	44	0	0
45	44	0	0
45	44	0	0
45	44	0	0
45	60	0	0
45	60	0	0
45	60	0	0
45	60	0	0
45	60	0	0
45	60	0	0
45	40	0	0
45	40	0	0
45	40	0	0
45	40	0	0
45	40	0	0
45	40	0	0
45	40	0	0
45	40	0	0
45	40	0	0
37	40	0	0
37	58	0	0
37	58	0	0
37	58	0	0
37	58	0	0
37	58	0	0
37	58	0	0
37	39	0	0
42	39	0	0
42	39	0	0
42	39	0	0
42	39	0	0
42	39	0	0
42	39	0	0
45	39	0	0
45	39	0	0
45	39	0	0
45	39	0	0
45	43	0	0
45	43	0	0
45	43	0	0
45	43	0	0
45	43	0	0
45	43	0	0
45	43	0	0
45	43	0	0
45	43	0	0
45	43	0	0
39	57	0	0
45	57	0	0
45	57	0	0
45	57	0	0
45	57	0	0
45	57	0	0
45	57	0	0
45	57	0	0
45	57	0	0
45	57	0	0
45	57	0	0
45	57	0	0
50	57	0	0
50	59	0	0
50	59	0	0
50	59	0	0
50	59	0	0
50	59	0	0
50	59	0	0
50	59	0	0
50	38	0	0
50	38	0	0
50	54	0	0
50	54	0	0
50	54	0	0
49	54	0	0
49	54	0	0
49	54	0	0
49	54	0	0
49	54	0	0
49	54	0	0
49	54	0	0
49	54	0	0
49	54	0	0
49	54	0	0
49	53	0	0
49	53	0	0
49	53	0	0
57	53	0	0
57	53	0	0
57	53	0	0
57	53	0	0
57	53	0	0
57	53	0	0
57	53	0	0
57	60	0	0
57	60	0	0
57	60	0	0
57	60	0	0
45	60	0	0
45	60	0	0
45	60	0	0
45	43	0	0
45	43	0	0
45	43	0	0
45	45	0	0
45	45	0	0
45	45	0	0
45	45	0	0
45	45	0	0
45	45	0	0
47	54	0	0
47	54	0	0
47	54	0	0
47	54	0	0
47	54	0	0
47	54	0	0
47	56	0	0
47	56	0	0
47	49	0	0
47	49	0	0
47	49	0	0
47	49	0	0
37	49	0	0
37	55	0	0
37	55	0	0
37	55	0	0
37	55	0	0
37	55	0	0
37	55	0	0
37	59	0	0
37	59	0	0
37	59	0	0
37	59	0	0
45	59	0	0
45	59	0	0
45	59	0	0
45	40	0	0
45	40	0	0
45	40	0	0
45	40	0	0
45	40	0	0
45	40	0	0
45	40	0	0
45	40	0	0
45	40	0	0
45	40	0	0
50	37	0	0
50	37	0	0
50	37	0	0
50	37	0	0
50	37	0	0
50	37	0	0
50	37	0	0
50	37	0	0
50	37	0	0
50	37	0	0
50	37	0	0
50	53	0	0
59	53	0	0
59	53	0	0
59	53	0	0
59	44	0	0
59	44	0	0
59	44	0	0
59	44	0	0
59	44	0	0
59	44	0	0
59	44	0	0
59	44	0	0
59	44	0	0
59	44	0	0
48	44	0	0
59	50	0	0
59	50	0	0
59	50	0	0
59	50	0	0
59	50	0	0
59	50	0	0
59	50	0	0
59	50	0	0
59	50	0	0
59	50	0	0
59	50	0	0
38	56	0	0
38	56	0	0
38	56	0	0
44	56	0	0
44	56	0	0
44	56	0	0
44	56	0	0
44	56	0	0
44	56	0	0
44	56	0	0
44	56	0	0
44	56	0	0
44	56	0	0
52	56	0	0
52	50	0	0
52	50	0	0
52	50	0	0
52	50	0	0
52	50	0	0
52	50	0	0
52	50	0	0
52	50	0	0
52	50	0	0
52	50	0	0
52	50	0	0
43	50	0	0
43	55	0	0
43	55	0	0
43	55	0	0
43	55	0	0
43	52	0	0
43	52	0	0
43	52	0	0
44	52	0	0
44	52	0	0
44	52	0	0
44	52	0	0
44	49	0	0
44	49	0	0
44	49	0	0
44	49	0	0
56	49	0	0
56	49	0	0
56	49	0	0
56	49	0	0
56	49	0	0
56	49	0	0
56	49	0	0
56	49	0	0
56	38	0	0
54	38	0	0
54	38	0	0
54	38	0	0
47	38	0	0
47	38	0	0
47	38	0	0
47	38	0	0
47	38	0	0
47	38	0	0
47	38	0	0
47	38	0	0
47	56	0	0
47	56	0	0
47	56	0	0
47	56	0	0
47	56	0	0
47	56	0	0
47	56	0	0
47	56	0	0
47	56	0	0
47	49	0	0
47	49	0	0
47	49	0	0
53	49	0	0
53	49	0	0
53	49	0	0
53	49	0	0
53	49	0	0
45	49	0	0
45	49	0	0
45	49	0	0
45	49	0	0
45	49	0	0
45	49	0	0
45	46	0	0
45	46	0	0
45	46	0	0
45	44	0	0
45	44	0	0
45	44	0	0
51	44	0	0
51	44	0	0
51	44	0	0
51	44	0	0
51	44	0	0
51	44	0	0
51	44	0	0
51	44	0	0
51	44	0	0
51	44	0	0
51	44	0	0
45	59	0	0
45	59	0	0
54	59	0	0
54	59	0	0
54	59	0	0
54	59	0	0
54	59	0	0
54	59	0	0
54	59	0	0
52	59	0	0
52	59	0	0
52	59	0	0
52	59	0	0
52	59	0	0
52	57	0	0
52	57	0	0
52	57	0	0
52	57	0	0
42	57	0	0
42	57	0	0
42	57	0	0
42	57	0	0
42	57	0	0
42	57	0	0
45	57	0	0
45	47	0	0
45	47	0	0
45	47	0	0
45	47	0	0
45	47	0	0
45	47	0	0
45	47	0	0
45	47	0	0
45	47	0	0
45	47	0	0
45	42	0	0
45	42	0	0
39	42	0	0
39	42	0	0
39	42	0	0
39	42	0	0
39	42	0	0
39	42	0	0
39	42	0	0
39	42	0	0
39	42	0	0
39	42	0	0
37	42	0	0
37	42	0	0
37	42	0	0
37	42	0	0
57	42	0	0
57	42	0	0
57	42	0	0
57	42	0	0
57	42	0	0
57	42	0	0
57	42	0	0
57	42	0	0
57	50	0	0
46	50	0	0
46	50	0	0
46	50	0	0
46	59	0	0
46	59	0	0
46	59	0	0
52	59	0	0
52	59	0	0
52	59	0	0
52	59	0	0
52	59	0	0
52	59	0	0
52	59	0	0
52	59	0	0
52	59	0	0
47	59	0	0
47	59	0	0
47	59	0	0
47	59	0	0
47	59	0	0
47	59	0	0
47	59	0	0
47	47	0	0
47	47	0	0
47	47	0	0
47	47	0	0
47	47	0	0
44	47	0	0
44	47	0	0
44	47	0	0
44	38	0	0
44	38	0	0
44	38	0	0
44	38	0	0
44	38	0	0
47	38	0	0
47	38	0	0
47	38	0	0
47	38	0	0
47	38	0	0
47	38	0	0
47	38	0	0
47	38	0	0
47	45	0	0
47	45	0	0
47	45	0	0
47	45	0	0
54	45	0	0
54	45	0	0
54	45	0	0
54	45	0	0
54	45	0	0
54	45	0	0
54	45	0	0
49	45	0	0
49	45	0	0
49	45	0	0
49	46	0	0
49	46	0	0
49	37	0	0
49	37	0	0
49	37	0	0
49	37	0	0
49	37	0	0
49	37	0	0
49	37	0	0
49	37	0	0
49	37	0	0
44	37	0	0
44	37	0	0
44	37	0	0
44	37	0	0
44	37	0	0
44	52	0	0
44	52	0	0
44	52	0	0
44	56	0	0
44	56	0	0
59	56	0	0
59	56	0	0
59	56	0	0
59	56	0	0
59	56	0	0
59	56	0	0
59	56	0	0
59	56	0	0
59	56	0	0
59	56	0	0
59	54	0	0
59	54	0	0
59	54	0	0
47	54	0	0
47	54	0	0
38	54	0	0
38	54	0	0
38	54	0	0
38	54	0	0
38	54	0	0
38	54	0	0
38	54	0	0
38	54	0	0
38	54	0	0
38	56	0	0
38	56	0	0
38	56	0	0
38	56	0	0
38	56	0	0
49	56	0	0
49	56	0	0
49	56	0	0
49	56	0	0
49	54	0	0
49	54	0	0
49	54	0	0
49	54	0	0
49	54	0	0
49	54	0	0
49	54	0	0
49	54	0	0
59	54	0	0
59	54	0	0
59	54	0	0
59	54	0	0
59	54	0	0
59	52	0	0
59	52	0	0
59	52	0	0
47	52	0	0
47	52	0	0
47	52	0	0
47	52	0	0
47	52	0	0
47	52	0	0
47	41	0	0
47	41	0	0
47	41	0	0
47	54	0	0
47	54	0	0
57	54	0	0
57	54	0	0
57	54	0	0
57	54	0	0
57	54	0	0
57	54	0	0
57	54	0	0
57	54	0	0
57	54	0	0
38	54	0	0
38	54	0	0
38	54	0	0
38	44	0	0
38	44	0	0
38	44	0	0
38	44	0	0
38	44	0	0
38	44	0	0
38	44	0	0
38	44	0	0
40	44	0	0
40	44	0	0
40	44	0	0
40	44	0	0
40	47	0	0
40	47	0	0
40	47	0	0
40	47	0	0
40	47	0	0
40	47	0	0
40	47	0	0
40	47	0	0
40	57	0	0
50	57	0	0
50	57	0	0
50	57	0	0
50	57	0	0
50	57	0	0
50	57	0	0
50	57	0	0
50	57	0	0
50	50	0	0
50	50	0	0
50	50	0	0
50	50	0	0
54	50	0	0
44	50	0	0
44	50	0	0
44	50	0	0
44	50	0	0
44	50	0	0
44	50	0	0
44	50	0	0
44	50	0	0
44	42	0	0
44	42	0	0
44	42	0	0
44	42	0	0
44	42	0	0
44	42	0	0
37	42	0	0
37	42	0	0
37	42	0	0
37	42	0	0
37	42	0	0
37	42	0	0
37	58	0	0
37	58	0	0
37	49	0	0
37	49	0	0
37	38	0	0
37	38	0	0
37	38	0	0
37	38	0	0
47	38	0	0
47	38	0	0
47	38	0	0
47	38	0	0
47	38	0	0
47	52	0	0
47	52	0	0
47	52	0	0
47	52	0	0
47	52	0	0
48	45	0	0
48	45	0	0
48	45	0	0
48	45	0	0
57	45	0	0
57	45	0	0
57	45	0	0
57	45	0	0
57	45	0	0
57	45	0	0
57	45	0	0
57	45	0	0
57	39	0	0
57	39	0	0
42	39	0	0
42	42	0	0
42	42	0	0
42	42	0	0
42	42	0	0
42	42	0	0
42	42	0	0
42	42	0	0
42	42	0	0
42	42	0	0
57	42	0	0
57	42	0	0
57	42	0	0
57	42	0	0
57	51	0	0
57	51	0	0
57	51	0	0
57	51	0	0
57	51	0	0
57	51	0	0
57	56	0	0
44	56	0	0
44	56	0	0
44	56	0	0
44	56	0	0
44	56	0	0
44	56	0	0
42	56	0	0
42	56	0	0
42	56	0	0
42	56	0	0
42	56	0	0
42	47	0	0
42	47	0	0
40	47	0	0
40	47	0	0
40	47	0	0
40	47	0	0
52	47	0	0
52	59	0	0
47	59	0	0
47	59	0	0
47	59	0	0
47	59	0	0
47	59	0	0
47	59	0	0
47	59	0	0
47	59	0	0
47	57	0	0
47	57	0	0
47	57	0	0
50	57	0	0
50	57	0	0
50	57	0	0
50	37	0	0
50	37	0	0
50	37	0	0
44	37	0	0
44	37	0	0
44	37	0	0
44	37	0	0
44	37	0	0
44	37	0	0
44	37	0	0
44	37	0	0
44	37	0	0
44	45	0	0
44	45	0	0
44	45	0	0
38	45	0	0
38	45	0	0
38	45	0	0
38	45	0	0
38	45	0	0
38	45	0	0
38	45	0	0
38	45	0	0
38	45	0	0
38	45	0	0
38	45	0	0
38	45	0	0
42	45	0	0
42	45	0	0
42	45	0	0
42	45	0	0
42	45	0	0
42	37	0	0
42	37	0	0
42	37	0	0
42	37	0	0
42	37	0	0
42	37	0	0
42	37	0	0
42	37	0	0
42	37	0	0
42	37	0	0
42	37	0	0
42	37	0	0
42	37	0	0
42	45	0	0
42	45	0	0
42	45	0	0
52	45	0	0
52	45	0	0
52	45	0	0
52	45	0	0
52	45	0	0
41	45	0	0
41	42	0	0
41	42	0	0
41	42	0	0
41	42	0	0
41	42	0	0
41	42	0	0
41	42	0	0
49	42	0	0
49	42	0	0
49	42	0	0
49	42	0	0
49	42	0	0
49	42	0	0
49	44	0	0
49	44	0	0
49	44	0	0
49	44	0	0
49	44	0	0
49	44	0	0
49	44	0	0
49	44	0	0
44	52	0	0
44	52	0	0
44	52	0	0
44	52	0	0
44	52	0	0
44	52	0	0
44	57	0	0
44	57	0	0
44	57	0	0
44	57	0	0
47	57	0	0
47	57	0	0
47	57	0	0
47	57	0	0
49	57	0	0
49	57	0	0
49	57	0	0
42	57	0	0
45	57	0	0
45	57	0	0
45	49	0	0
45	49	0	0
45	49	0	0
45	49	0	0
45	49	0	0
45	49	0	0
45	49	0	0
45	49	0	0
45	49	0	0
45	49	0	0
53	49	0	0
53	49	0	0
40	49	0	0
40	57	0	0
40	57	0	0
40	57	0	0
40	42	0	0
40	42	0	0
40	42	0	0
40	42	0	0
40	42	0	0
40	42	0	0
40	42	0	0
40	42	0	0
40	42	0	0
49	42	0	0
49	42	0	0
49	42	0	0
49	37	0	0
49	37	0	0
49	37	0	0
49	37	0	0
49	37	0	0
49	38	0	0
49	38	0	0
49	38	0	0
49	38	0	0
54	38	0	0
54	38	0	0
54	38	0	0
54	38	0	0
54	38	0	0
52	52	0	0
52	52	0	0
52	52	0	0
52	52	0	0
52	52	0	0
52	52	0	0
52	52	0	0
52	52	0	0
52	52	0	0
52	52	0	0
52	52	0	0
52	52	0	0
49	52	0	0
49	42	0	0
49	42	0	0
49	42	0	0
49	42	0	0
49	42	0	0
49	42	0	0
49	42	0	0
49	38	0	0
49	38	0	0
49	38	0	0
49	38	0	0
49	38	0	0
49	38	0	0
47	38	0	0
47	38	0	0
47	38	0	0
47	38	0	0
47	38	0	0
47	38	0	0
47	38	0	0
47	38	0	0
47	47	0	0
47	47	0	0
47	47	0	0
52	47	0	0
52	47	0	0
52	47	0	0
52	47	0	0
52	47	0	0
52	54	0	0
52	54	0	0
42	54	0	0
42	54	0	0
42	54	0	0
42	54	0	0
42	54	0	0
42	54	0	0
42	54	0	0
42	54	0	0
42	42	0	0
42	42	0	0
42	42	0	0
42	42	0	0
42	38	0	0
42	38	0	0
53	38	0	0
53	38	0	0
47	38	0	0
47	38	0	0
47	38	0	0
47	38	0	0
47	38	0	0
47	38	0	0
47	37	0	0
47	38	0	0
47	38	0	0
47	38	0	0
47	38	0	0
45	38	0	0
45	38	0	0
45	38	0	0
45	38	0	0
50	38	0	0
50	38	0	0
50	59	0	0
50	59	0	0
50	59	0	0
50	59	0	0
50	59	0	0
50	59	0	0
50	59	0	0
50	41	0	0
50	41	0	0
50	41	0	0
50	41	0	0
50	41	0	0
50	41	0	0
50	41	0	0
50	41	0	0
50	41	0	0
50	41	0	0
50	41	0	0
50	41	0	0
50	41	0	0
50	41	0	0
50	56	0	0
50	56	0	0
50	56	0	0
50	56	0	0
50	56	0	0
59	56	0	0
59	56	0	0
59	40	0	0
59	40	0	0
59	40	0	0
59	40	0	0
59	40	0	0
59	40	0	0
59	40	0	0
59	40	0	0
59	40	0	0
59	40	0	0
52	40	0	0
52	40	0	0
52	58	0	0
52	58	0	0
52	58	0	0
52	58	0	0
52	58	0	0
52	58	0	0
52	58	0	0
52	58	0	0
52	58	0	0
52	58	0	0
52	58	0	0
37	47	0	0
37	42	0	0
37	42	0	0
37	42	0	0
37	42	0	0
37	52	0	0
37	52	0	0
37	52	0	0
37	52	0	0
37	52	0	0
37	52	0	0
37	52	0	0
37	52	0	0
37	52	0	0
37	52	0	0
37	52	0	0
37	52	0	0
37	52	0	0
37	58	0	0
37	58	0	0
37	58	0	0
37	58	0	0
37	58	0	0
42	58	0	0
42	59	0	0
42	59	0	0
42	59	0	0
42	59	0	0
42	59	0	0
42	59	0	0
42	49	0	0
42	49	0	0
42	49	0	0
42	49	0	0
37	49	0	0
37	44	0	0
37	44	0	0
37	44	0	0
37	44	0	0
37	44	0	0
37	44	0	0
37	44	0	0
37	44	0	0
37	44	0	0
37	44	0	0
37	44	0	0
37	44	0	0
37	38	0	0
47	38	0	0
47	38	0	0
47	38	0	0
47	38	0	0
47	38	0	0
47	38	0	0
47	38	0	0
47	38	0	0
47	38	0	0
54	38	0	0
54	54	0	0
54	54	0	0
54	54	0	0
54	54	0	0
54	54	0	0
54	54	0	0
54	54	0	0
54	54	0	0
54	54	0	0
54	54	0	0
54	54	0	0
45	54	0	0
45	45	0	0
45	45	0	0
52	45	0	0
52	45	0	0
52	45	0	0
52	45	0	0
52	45	0	0
52	45	0	0
52	45	0	0
52	45	0	0
52	45	0	0
52	45	0	0
52	45	0	0
52	45	0	0
52	38	0	0
52	38	0	0
42	38	0	0
42	38	0	0
42	38	0	0
42	38	0	0
42	38	0	0
42	38	0	0
42	38	0	0
42	51	0	0
42	51	0	0
42	51	0	0
39	51	0	0
39	51	0	0
54	51	0	0
54	51	0	0
54	48	0	0
54	51	0	0
54	51	0	0
54	51	0	0
54	51	0	0
54	51	0	0
54	51	0	0
54	51	0	0
54	51	0	0
44	51	0	0
44	54	0	0
44	54	0	0
38	54	0	0
38	54	0	0
38	54	0	0
38	54	0	0
38	54	0	0
38	54	0	0
38	54	0	0
38	54	0	0
46	54	0	0
46	38	0	0
46	38	0	0
46	38	0	0
38	44	0	0
38	47	0	0
38	47	0	0
38	47	0	0
38	47	0	0
38	47	0	0
38	42	0	0
38	42	0	0
38	42	0	0
38	42	0	0
38	42	0	0
38	42	0	0
38	42	0	0
38	42	0	0
58	59	0	0
58	59	0	0
58	59	0	0
58	59	0	0
58	59	0	0
58	59	0	0
58	59	0	0
58	59	0	0
58	40	0	0
58	40	0	0
58	40	0	0
58	40	0	0
58	40	0	0
58	54	0	0
42	54	0	0
42	56	0	0
42	56	0	0
42	56	0	0
42	56	0	0
42	56	0	0
42	56	0	0
42	56	0	0
42	56	0	0
42	56	0	0
42	56	0	0
42	56	0	0
47	56	0	0
47	56	0	0
47	56	0	0
47	56	0	0
47	56	0	0
47	56	0	0
47	56	0	0
47	56	0	0
47	56	0	0
47	42	0	0
47	42	0	0
47	42	0	0
47	42	0	0
47	42	0	0
49	42	0	0
49	42	0	0
49	42	0	0
49	42	0	0
49	42	0	0
49	42	0	0
49	42	0	0
49	38	0	0
49	38	0	0
45	38	0	0
45	38	0	0
45	38	0	0
45	38	0	0
56	38	0	0
56	38	0	0
56	38	0	0
56	38	0	0
56	38	0	0
56	38	0	0
56	40	0	0
56	40	0	0
56	40	0	0
56	40	0	0
56	40	0	0
56	40	0	0
49	40	0	0
49	40	0	0
49	40	0	0
49	54	0	0
49	53	0	0
49	53	0	0
49	53	0	0
49	53	0	0
49	53	0	0
49	53	0	0
49	53	0	0
49	53	0	0
49	53	0	0
49	53	0	0
49	46	0	0
49	46	0	0
49	46	0	0
49	46	0	0
49	46	0	0
49	46	0	0
49	45	0	0
49	45	0	0
49	57	0	0
49	57	0	0
49	57	0	0
49	43	0	0
48	43	0	0
48	43	0	0
48	43	0	0
48	43	0	0
48	43	0	0
48	43	0	0
48	43	0	0
48	43	0	0
48	43	0	0
50	43	0	0
50	43	0	0
50	53	0	0
50	53	0	0
50	53	0	0
50	53	0	0
50	53	0	0
50	53	0	0
50	53	0	0
50	53	0	0
50	53	0	0
50	53	0	0
50	53	0	0
50	53	0	0
44	53	0	0
44	42	0	0
44	42	0	0
44	42	0	0
44	42	0	0
44	42	0	0
37	42	0	0
37	47	0	0
37	47	0	0
37	47	0	0
37	47	0	0
37	47	0	0
37	47	0	0
59	47	0	0
59	47	0	0
59	47	0	0
59	47	0	0
59	47	0	0
59	47	0	0
59	41	0	0
59	41	0	0
59	41	0	0
59	41	0	0
59	41	0	0
56	41	0	0
56	41	0	0
56	41	0	0
56	41	0	0
56	42	0	0
56	42	0	0
56	42	0	0
56	42	0	0
56	42	0	0
37	42	0	0
37	42	0	0
37	42	0	0
37	42	0	0
37	59	0	0
37	59	0	0
37	46	0	0
37	46	0	0
37	46	0	0
37	57	0	0
37	57	0	0
37	57	0	0
37	57	0	0
37	57	0	0
42	57	0	0
42	57	0	0
42	57	0	0
42	57	0	0
42	57	0	0
42	42	0	0
42	42	0	0
42	42	0	0
42	52	0	0
42	52	0	0
42	52	0	0
42	52	0	0
42	52	0	0
42	52	0	0
37	52	0	0
37	52	0	0
37	52	0	0
37	52	0	0
37	52	0	0
37	52	0	0
37	52	0	0
37	52	0	0
37	54	0	0
37	54	0	0
37	54	0	0
37	54	0	0
49	54	0	0
49	54	0	0
49	54	0	0
49	54	0	0
49	54	0	0
49	54	0	0
49	45	0	0
49	45	0	0
49	45	0	0
49	45	0	0
49	45	0	0
38	45	0	0
38	45	0	0
38	45	0	0
38	45	0	0
38	45	0	0
38	45	0	0
38	45	0	0
38	37	0	0
38	37	0	0
38	37	0	0
38	37	0	0
38	37	0	0
38	37	0	0
38	55	0	0
47	55	0	0
47	55	0	0
47	55	0	0
47	55	0	0
47	55	0	0
47	55	0	0
47	50	0	0
47	50	0	0
47	50	0	0
55	50	0	0
55	50	0	0
41	50	0	0
41	50	0	0
41	50	0	0
41	50	0	0
41	50	0	0
41	50	0	0
41	50	0	0
41	50	0	0
41	58	0	0
41	58	0	0
41	56	0	0
41	56	0	0
41	56	0	0
49	56	0	0
49	56	0	0
49	56	0	0
49	56	0	0
49	37	0	0
49	37	0	0
49	37	0	0
49	54	0	0
49	54	0	0
49	54	0	0
49	54	0	0
48	54	0	0
48	54	0	0
48	54	0	0
48	54	0	0
48	54	0	0
48	54	0	0
48	54	0	0
48	54	0	0
48	54	0	0
48	54	0	0
48	41	0	0
48	41	0	0
48	41	0	0
48	56	0	0
54	56	0	0
54	56	0	0
54	56	0	0
54	56	0	0
54	56	0	0
54	56	0	0
54	56	0	0
54	56	0	0
54	56	0	0
54	56	0	0
54	56	0	0
54	56	0	0
54	45	0	0
54	45	0	0
52	45	0	0
52	45	0	0
52	45	0	0
52	45	0	0
52	45	0	0
52	45	0	0
52	45	0	0
52	45	0	0
52	45	0	0
52	45	0	0
52	45	0	0
52	45	0	0
52	47	0	0
52	47	0	0
54	47	0	0
54	47	0	0
54	47	0	0
54	47	0	0
54	47	0	0
54	47	0	0
54	47	0	0
54	47	0	0
40	47	0	0
40	40	0	0
40	40	0	0
56	40	0	0
56	40	0	0
56	40	0	0
56	40	0	0
56	40	0	0
56	40	0	0
56	40	0	0
56	40	0	0
56	40	0	0
56	40	0	0
56	40	0	0
56	44	0	0
56	44	0	0
53	44	0	0
41	44	0	0
52	44	0	0
52	44	0	0
52	44	0	0
52	44	0	0
52	44	0	0
52	44	0	0
52	57	0	0
52	57	0	0
52	57	0	0
52	57	0	0
52	57	0	0
52	57	0	0
50	57	0	0
50	57	0	0
50	57	0	0
50	57	0	0
50	57	0	0
50	59	0	0
50	59	0	0
50	59	0	0
50	59	0	0
50	59	0	0
50	59	0	0
50	59	0	0
50	59	0	0
50	59	0	0
50	59	0	0
50	59	0	0
50	59	0	0
44	38	0	0
44	38	0	0
44	38	0	0
44	38	0	0
44	38	0	0
44	38	0	0
52	38	0	0
52	38	0	0
52	38	0	0
52	38	0	0
52	38	0	0
52	38	0	0
52	45	0	0
52	45	0	0
52	45	0	0
52	45	0	0
52	45	0	0
52	45	0	0
52	45	0	0
52	45	0	0
40	45	0	0
40	45	0	0
40	45	0	0
40	45	0	0
40	45	0	0
40	45	0	0
40	42	0	0
40	42	0	0
40	42	0	0
40	42	0	0
40	42	0	0
40	42	0	0
40	42	0	0
40	42	0	0
57	42	0	0
57	42	0	0
57	49	0	0
57	49	0	0
57	49	0	0
57	49	0	0
57	49	0	0
57	49	0	0
57	49	0	0
57	49	0	0
52	49	0	0
52	49	0	0
52	49	0	0
52	49	0	0
52	50	0	0
52	50	0	0
52	50	0	0
52	50	0	0
43	50	0	0
43	50	0	0
54	50	0	0
54	50	0	0
54	50	0	0
54	50	0	0
54	50	0	0
54	50	0	0
54	50	0	0
46	37	0	0
46	37	0	0
46	37	0	0
46	37	0	0
46	37	0	0
46	37	0	0
46	37	0	0
46	37	0	0
46	37	0	0
46	37	0	0
46	37	0	0
46	37	0	0
46	37	0	0
46	59	0	0
40	59	0	0
52	59	0	0
50	59	0	0
50	59	0	0
50	59	0	0
50	59	0	0
50	59	0	0
50	59	0	0
50	59	0	0
50	59	0	0
52	59	0	0
52	59	0	0
52	59	0	0
52	59	0	0
52	59	0	0
52	59	0	0
52	59	0	0
52	59	0	0
52	59	0	0
52	54	0	0
52	38	0	0
52	38	0	0
53	38	0	0
57	38	0	0
57	38	0	0
57	38	0	0
57	38	0	0
57	38	0	0
57	38	0	0
57	38	0	0
57	38	0	0
57	40	0	0
57	40	0	0
52	40	0	0
52	40	0	0
52	40	0	0
52	40	0	0
52	40	0	0
52	40	0	0
52	40	0	0
52	58	0	0
52	58	0	0
52	58	0	0
52	58	0	0
52	58	0	0
52	58	0	0
42	58	0	0
42	58	0	0
42	58	0	0
42	38	0	0
42	38	0	0
42	38	0	0
42	38	0	0
42	38	0	0
42	38	0	0
42	38	0	0
42	38	0	0
42	59	0	0
42	59	0	0
42	59	0	0
47	59	0	0
47	59	0	0
47	59	0	0
47	59	0	0
47	59	0	0
47	42	0	0
47	42	0	0
47	42	0	0
47	42	0	0
47	42	0	0
47	42	0	0
47	42	0	0
47	42	0	0
47	42	0	0
52	42	0	0
52	42	0	0
52	49	0	0
52	49	0	0
52	49	0	0
52	49	0	0
52	49	0	0
52	49	0	0
52	49	0	0
52	49	0	0
52	49	0	0
52	56	0	0
52	56	0	0
52	56	0	0
47	56	0	0
47	56	0	0
47	56	0	0
47	56	0	0
47	56	0	0
47	56	0	0
47	56	0	0
47	50	0	0
47	50	0	0
47	50	0	0
43	50	0	0
43	50	0	0
43	50	0	0
43	50	0	0
43	50	0	0
43	50	0	0
43	43	0	0
43	43	0	0
52	43	0	0
52	42	0	0
52	42	0	0
47	42	0	0
47	42	0	0
47	42	0	0
47	42	0	0
47	42	0	0
49	42	0	0
49	42	0	0
49	42	0	0
49	42	0	0
49	54	0	0
49	54	0	0
49	54	0	0
50	54	0	0
50	54	0	0
50	54	0	0
50	43	0	0
50	43	0	0
50	43	0	0
50	43	0	0
50	43	0	0
50	43	0	0
50	45	0	0
50	45	0	0
50	45	0	0
50	37	0	0
40	37	0	0
40	37	0	0
40	37	0	0
40	37	0	0
40	37	0	0
40	37	0	0
40	37	0	0
40	37	0	0
49	37	0	0
49	45	0	0
49	45	0	0
49	45	0	0
49	45	0	0
49	45	0	0
49	45	0	0
49	45	0	0
49	45	0	0
49	45	0	0
49	40	0	0
49	40	0	0
49	40	0	0
49	40	0	0
49	40	0	0
49	40	0	0
49	40	0	0
49	40	0	0
49	40	0	0
49	40	0	0
49	40	0	0
49	40	0	0
49	40	0	0
49	60	0	0
49	60	0	0
57	60	0	0
57	60	0	0
45	60	0	0
45	60	0	0
45	60	0	0
45	60	0	0
45	60	0	0
45	60	0	0
45	60	0	0
52	60	0	0
52	50	0	0
52	50	0	0
52	50	0	0
52	50	0	0
52	50	0	0
52	50	0	0
52	50	0	0
52	50	0	0
52	50	0	0
52	50	0	0
52	50	0	0
38	50	0	0
38	50	0	0
38	50	0	0
38	40	0	0
38	40	0	0
38	40	0	0
38	48	0	0
38	48	0	0
38	48	0	0
38	48	0	0
56	48	0	0
56	52	0	0
56	52	0	0
56	52	0	0
56	52	0	0
56	52	0	0
56	52	0	0
56	52	0	0
56	52	0	0
56	52	0	0
56	52	0	0
56	52	0	0
49	44	0	0
49	44	0	0
49	44	0	0
49	44	0	0
49	44	0	0
49	44	0	0
49	44	0	0
49	44	0	0
49	44	0	0
49	44	0	0
49	44	0	0
49	44	0	0
49	44	0	0
49	37	0	0
49	37	0	0
49	37	0	0
49	37	0	0
49	37	0	0
41	37	0	0
42	37	0	0
42	37	0	0
42	37	0	0
42	42	0	0
42	42	0	0
42	42	0	0
42	42	0	0
42	42	0	0
42	42	0	0
42	42	0	0
42	42	0	0
42	44	0	0
42	44	0	0
50	43	0	0
50	43	0	0
50	43	0	0
50	43	0	0
50	43	0	0
50	43	0	0
50	43	0	0
50	43	0	0
50	52	0	0
50	52	0	0
50	52	0	0
50	52	0	0
50	52	0	0
50	52	0	0
48	52	0	0
48	49	0	0
48	49	0	0
48	49	0	0
48	49	0	0
48	49	0	0
48	49	0	0
48	49	0	0
48	49	0	0
48	49	0	0
48	49	0	0
48	49	0	0
48	49	0	0
53	49	0	0
53	49	0	0
42	49	0	0
42	49	0	0
42	49	0	0
42	49	0	0
42	49	0	0
42	49	0	0
42	49	0	0
42	49	0	0
42	49	0	0
42	40	0	0
42	40	0	0
42	40	0	0
42	40	0	0
45	40	0	0
45	40	0	0
45	40	0	0
45	40	0	0
45	40	0	0
45	40	0	0
45	47	0	0
45	47	0	0
45	47	0	0
45	45	0	0
45	45	0	0
45	45	0	0
50	45	0	0
50	45	0	0
50	45	0	0
50	45	0	0
50	45	0	0
50	45	0	0
50	45	0	0
50	45	0	0
50	45	0	0
50	45	0	0
52	37	0	0
52	41	0	0
52	41	0	0
52	41	0	0
52	45	0	0
52	45	0	0
52	45	0	0
52	45	0	0
52	48	0	0
52	48	0	0
52	48	0	0
52	48	0	0
52	48	0	0
39	48	0	0
57	48	0	0
57	48	0	0
57	48	0	0
57	51	0	0
57	51	0	0
57	51	0	0
57	51	0	0
57	51	0	0
59	51	0	0
59	51	0	0
59	51	0	0
59	47	0	0
59	47	0	0
59	47	0	0
59	47	0	0
59	47	0	0
59	47	0	0
59	47	0	0
59	44	0	0
59	44	0	0
59	44	0	0
48	44	0	0
48	44	0	0
48	44	0	0
48	44	0	0
48	44	0	0
48	44	0	0
49	44	0	0
49	44	0	0
49	44	0	0
49	44	0	0
49	44	0	0
49	44	0	0
49	44	0	0
49	44	0	0
49	44	0	0
49	44	0	0
49	44	0	0
49	42	0	0
49	42	0	0
54	42	0	0
54	42	0	0
54	42	0	0
54	42	0	0
54	42	0	0
54	42	0	0
54	42	0	0
54	59	0	0
54	59	0	0
54	59	0	0
40	59	0	0
40	59	0	0
40	59	0	0
40	59	0	0
40	59	0	0
40	59	0	0
40	59	0	0
40	59	0	0
40	59	0	0
53	37	0	0
53	37	0	0
53	37	0	0
53	47	0	0
50	47	0	0
50	47	0	0
50	47	0	0
50	47	0	0
50	47	0	0
50	47	0	0
50	47	0	0
50	47	0	0
50	47	0	0
50	54	0	0
50	54	0	0
42	54	0	0
42	52	0	0
42	52	0	0
42	52	0	0
42	52	0	0
42	52	0	0
42	49	0	0
57	49	0	0
57	49	0	0
57	49	0	0
57	49	0	0
57	49	0	0
57	49	0	0
57	49	0	0
57	49	0	0
57	49	0	0
57	49	0	0
57	49	0	0
57	49	0	0
57	47	0	0
57	47	0	0
45	49	0	0
45	49	0	0
45	49	0	0
45	49	0	0
45	49	0	0
45	49	0	0
45	49	0	0
45	49	0	0
45	49	0	0
45	49	0	0
45	49	0	0
45	49	0	0
37	49	0	0
37	42	0	0
37	42	0	0
37	42	0	0
37	42	0	0
37	42	0	0
37	42	0	0
57	42	0	0
57	42	0	0
57	42	0	0
57	42	0	0
57	44	0	0
57	44	0	0
57	44	0	0
57	44	0	0
57	44	0	0
57	44	0	0
57	44	0	0
57	44	0	0
57	44	0	0
57	44	0	0
60	44	0	0
60	44	0	0
40	44	0	0
40	44	0	0
40	49	0	0
40	49	0	0
40	49	0	0
40	49	0	0
40	49	0	0
40	49	0	0
40	49	0	0
40	49	0	0
40	49	0	0
42	49	0	0
42	49	0	0
42	45	0	0
42	45	0	0
42	45	0	0
42	54	0	0
49	54	0	0
49	54	0	0
49	54	0	0
49	54	0	0
49	54	0	0
49	54	0	0
45	54	0	0
45	54	0	0
45	54	0	0
45	54	0	0
45	54	0	0
45	42	0	0
45	42	0	0
45	42	0	0
45	42	0	0
45	42	0	0
45	42	0	0
45	42	0	0
45	42	0	0
54	57	0	0
54	57	0	0
54	57	0	0
54	57	0	0
54	57	0	0
54	57	0	0
54	57	0	0
54	57	0	0
54	57	0	0
41	57	0	0
41	57	0	0
41	57	0	0
41	57	0	0
50	57	0	0
50	52	0	0
50	52	0	0
50	52	0	0
50	52	0	0
50	52	0	0
40	52	0	0
40	52	0	0
40	52	0	0
40	52	0	0
40	52	0	0
40	52	0	0
40	52	0	0
40	52	0	0
40	52	0	0
40	45	0	0
40	45	0	0
40	54	0	0
40	54	0	0
38	54	0	0
38	54	0	0
38	54	0	0
38	54	0	0
38	54	0	0
38	54	0	0
38	54	0	0
38	54	0	0
38	59	0	0
38	59	0	0
38	59	0	0
50	59	0	0
50	59	0	0
50	59	0	0
50	59	0	0
50	59	0	0
50	51	0	0
50	51	0	0
50	60	0	0
45	60	0	0
45	60	0	0
45	60	0	0
45	60	0	0
45	60	0	0
45	60	0	0
45	60	0	0
45	60	0	0
45	60	0	0
45	50	0	0
45	50	0	0
45	50	0	0
45	50	0	0
45	50	0	0
45	50	0	0
45	50	0	0
45	50	0	0
45	50	0	0
45	50	0	0
45	50	0	0
45	50	0	0
47	50	0	0
47	42	0	0
47	42	0	0
47	42	0	0
47	42	0	0
47	42	0	0
47	42	0	0
47	42	0	0
47	50	0	0
47	50	0	0
47	50	0	0
47	50	0	0
47	45	0	0
47	45	0	0
41	45	0	0
41	45	0	0
41	45	0	0
41	45	0	0
52	45	0	0
52	45	0	0
52	45	0	0
52	45	0	0
52	45	0	0
52	45	0	0
52	45	0	0
52	37	0	0
52	37	0	0
42	37	0	0
42	37	0	0
42	37	0	0
42	45	0	0
42	45	0	0
38	45	0	0
38	45	0	0
38	45	0	0
38	45	0	0
38	45	0	0
38	45	0	0
38	42	0	0
38	57	0	0
38	57	0	0
38	57	0	0
60	57	0	0
60	57	0	0
60	57	0	0
60	57	0	0
60	57	0	0
60	57	0	0
38	57	0	0
38	57	0	0
38	57	0	0
38	57	0	0
38	57	0	0
38	48	0	0
38	48	0	0
38	49	0	0
56	49	0	0
56	49	0	0
56	49	0	0
56	49	0	0
56	49	0	0
56	49	0	0
56	49	0	0
37	49	0	0
37	49	0	0
37	49	0	0
37	49	0	0
37	42	0	0
37	42	0	0
37	42	0	0
37	42	0	0
37	42	0	0
37	42	0	0
37	42	0	0
37	40	0	0
45	40	0	0
45	40	0	0
45	40	0	0
45	40	0	0
45	56	0	0
45	56	0	0
46	56	0	0
46	56	0	0
47	56	0	0
47	56	0	0
47	56	0	0
47	56	0	0
47	48	0	0
47	48	0	0
47	48	0	0
57	48	0	0
57	48	0	0
57	48	0	0
57	44	0	0
57	44	0	0
56	44	0	0
56	44	0	0
56	44	0	0
37	44	0	0
37	44	0	0
37	44	0	0
37	44	0	0
37	44	0	0
37	44	0	0
37	44	0	0
37	44	0	0
37	44	0	0
37	39	0	0
37	39	0	0
37	39	0	0
37	39	0	0
51	39	0	0
51	39	0	0
51	39	0	0
51	59	0	0
51	59	0	0
51	59	0	0
51	59	0	0
51	59	0	0
52	59	0	0
52	59	0	0
52	59	0	0
52	59	0	0
52	59	0	0
52	47	0	0
56	47	0	0
56	49	0	0
56	49	0	0
56	49	0	0
56	49	0	0
56	49	0	0
56	49	0	0
56	49	0	0
56	49	0	0
56	53	0	0
56	53	0	0
41	53	0	0
38	53	0	0
38	53	0	0
38	53	0	0
38	53	0	0
38	53	0	0
38	53	0	0
54	37	0	0
54	37	0	0
54	37	0	0
54	37	0	0
54	37	0	0
54	37	0	0
54	37	0	0
54	37	0	0
46	37	0	0
46	37	0	0
46	37	0	0
46	59	0	0
46	59	0	0
51	59	0	0
51	59	0	0
51	59	0	0
51	59	0	0
51	50	0	0
51	50	0	0
51	50	0	0
51	43	0	0
50	43	0	0
50	43	0	0
50	43	0	0
50	43	0	0
50	43	0	0
50	43	0	0
50	43	0	0
50	43	0	0
50	43	0	0
50	43	0	0
50	43	0	0
50	56	0	0
47	56	0	0
47	56	0	0
47	56	0	0
47	56	0	0
47	56	0	0
47	56	0	0
47	56	0	0
47	56	0	0
47	56	0	0
47	56	0	0
47	45	0	0
47	45	0	0
54	45	0	0
54	45	0	0
54	45	0	0
54	45	0	0
54	45	0	0
54	45	0	0
54	45	0	0
54	45	0	0
54	45	0	0
54	38	0	0
54	38	0	0
45	38	0	0
45	38	0	0
45	38	0	0
54	38	0	0
54	38	0	0
54	38	0	0
54	38	0	0
54	38	0	0
54	38	0	0
54	38	0	0
54	38	0	0
54	38	0	0
54	40	0	0
54	40	0	0
54	40	0	0
54	40	0	0
55	40	0	0
55	40	0	0
59	40	0	0
59	40	0	0
59	40	0	0
59	40	0	0
59	40	0	0
59	40	0	0
59	44	0	0
37	44	0	0
37	44	0	0
37	44	0	0
37	40	0	0
37	40	0	0
37	40	0	0
37	40	0	0
37	40	0	0
37	40	0	0
37	40	0	0
37	40	0	0
37	40	0	0
37	40	0	0
37	56	0	0
44	56	0	0
44	56	0	0
44	56	0	0
44	56	0	0
44	45	0	0
44	45	0	0
44	45	0	0
44	45	0	0
44	45	0	0
44	45	0	0
42	45	0	0
42	45	0	0
57	45	0	0
57	45	0	0
57	45	0	0
57	45	0	0
57	45	0	0
57	45	0	0
57	54	0	0
57	54	0	0
57	54	0	0
57	54	0	0
57	54	0	0
57	54	0	0
57	47	0	0
47	44	0	0
47	44	0	0
47	44	0	0
47	44	0	0
47	44	0	0
47	44	0	0
47	44	0	0
47	44	0	0
59	44	0	0
59	44	0	0
59	44	0	0
59	44	0	0
59	44	0	0
56	40	0	0
44	40	0	0
44	40	0	0
44	40	0	0
44	40	0	0
44	40	0	0
44	40	0	0
44	40	0	0
44	40	0	0
44	52	0	0
44	52	0	0
44	52	0	0
44	52	0	0
44	60	0	0
45	60	0	0
45	60	0	0
45	60	0	0
45	60	0	0
45	60	0	0
45	60	0	0
45	60	0	0
45	60	0	0
45	53	0	0
44	53	0	0
44	53	0	0
44	53	0	0
56	53	0	0
49	53	0	0
49	53	0	0
49	53	0	0
49	53	0	0
49	53	0	0
49	53	0	0
49	53	0	0
49	38	0	0
49	38	0	0
49	38	0	0
42	38	0	0
42	38	0	0
42	38	0	0
42	38	0	0
42	38	0	0
42	38	0	0
42	38	0	0
42	38	0	0
54	38	0	0
54	38	0	0
54	38	0	0
54	38	0	0
50	38	0	0
50	38	0	0
50	38	0	0
50	38	0	0
50	38	0	0
50	38	0	0
50	56	0	0
50	56	0	0
50	56	0	0
50	56	0	0
50	56	0	0
49	56	0	0
49	56	0	0
49	56	0	0
49	56	0	0
49	56	0	0
49	56	0	0
49	56	0	0
49	56	0	0
49	56	0	0
49	47	0	0
49	47	0	0
49	47	0	0
43	47	0	0
43	47	0	0
43	47	0	0
43	47	0	0
43	47	0	0
44	47	0	0
44	47	0	0
44	54	0	0
44	54	0	0
44	54	0	0
44	54	0	0
44	54	0	0
44	54	0	0
44	54	0	0
44	54	0	0
44	37	0	0
44	37	0	0
52	37	0	0
52	37	0	0
52	37	0	0
52	37	0	0
49	37	0	0
49	40	0	0
49	40	0	0
49	40	0	0
49	40	0	0
49	40	0	0
49	40	0	0
49	40	0	0
47	40	0	0
47	40	0	0
47	40	0	0
47	40	0	0
47	40	0	0
47	40	0	0
47	40	0	0
47	40	0	0
47	40	0	0
47	40	0	0
47	40	0	0
47	40	0	0
47	40	0	0
47	40	0	0
37	40	0	0
37	40	0	0
37	40	0	0
37	47	0	0
37	47	0	0
37	47	0	0
37	47	0	0
37	47	0	0
37	49	0	0
56	49	0	0
56	49	0	0
56	49	0	0
56	49	0	0
56	49	0	0
56	49	0	0
56	49	0	0
56	49	0	0
56	60	0	0
56	60	0	0
57	60	0	0
57	60	0	0
57	60	0	0
57	52	0	0
57	52	0	0
57	57	0	0
57	57	0	0
48	57	0	0
48	57	0	0
48	57	0	0
48	57	0	0
48	57	0	0
48	57	0	0
48	57	0	0
48	54	0	0
48	54	0	0
48	54	0	0
48	54	0	0
49	54	0	0
49	54	0	0
49	44	0	0
49	44	0	0
49	44	0	0
56	44	0	0
56	44	0	0
56	44	0	0
56	44	0	0
56	44	0	0
56	44	0	0
56	44	0	0
56	40	0	0
56	40	0	0
56	40	0	0
56	46	0	0
56	46	0	0
56	46	0	0
56	46	0	0
56	52	0	0
56	52	0	0
56	52	0	0
56	52	0	0
56	52	0	0
56	52	0	0
56	57	0	0
56	57	0	0
56	57	0	0
56	57	0	0
45	57	0	0
45	57	0	0
45	57	0	0
45	57	0	0
45	57	0	0
45	57	0	0
45	57	0	0
45	57	0	0
45	47	0	0
45	47	0	0
45	47	0	0
45	47	0	0
44	47	0	0
44	47	0	0
44	47	0	0
44	47	0	0
44	40	0	0
52	40	0	0
52	40	0	0
52	40	0	0
52	40	0	0
52	40	0	0
52	56	0	0
52	56	0	0
52	56	0	0
52	56	0	0
47	56	0	0
47	56	0	0
47	56	0	0
47	56	0	0
47	56	0	0
47	56	0	0
47	56	0	0
47	59	0	0
47	59	0	0
47	59	0	0
47	59	0	0
47	59	0	0
47	59	0	0
47	59	0	0
47	59	0	0
52	54	0	0
52	54	0	0
52	54	0	0
52	54	0	0
52	54	0	0
52	54	0	0
52	54	0	0
52	54	0	0
52	54	0	0
52	54	0	0
52	54	0	0
52	54	0	0
50	54	0	0
50	42	0	0
50	42	0	0
50	42	0	0
50	42	0	0
50	42	0	0
50	42	0	0
50	42	0	0
50	42	0	0
50	42	0	0
59	42	0	0
59	42	0	0
59	42	0	0
59	42	0	0
59	42	0	0
59	57	0	0
59	57	0	0
59	57	0	0
45	57	0	0
45	57	0	0
45	57	0	0
45	57	0	0
45	57	0	0
45	57	0	0
45	50	0	0
45	50	0	0
45	50	0	0
45	50	0	0
45	50	0	0
47	50	0	0
47	50	0	0
47	50	0	0
47	50	0	0
47	50	0	0
47	53	0	0
47	53	0	0
47	53	0	0
47	53	0	0
47	53	0	0
47	53	0	0
50	53	0	0
50	53	0	0
50	53	0	0
50	53	0	0
50	53	0	0
50	52	0	0
50	41	0	0
50	41	0	0
50	49	0	0
50	49	0	0
50	49	0	0
50	49	0	0
50	49	0	0
50	49	0	0
42	49	0	0
42	49	0	0
46	49	0	0
46	49	0	0
46	49	0	0
46	49	0	0
46	49	0	0
46	50	0	0
46	50	0	0
46	50	0	0
46	50	0	0
46	50	0	0
46	50	0	0
59	50	0	0
59	50	0	0
59	50	0	0
59	50	0	0
59	50	0	0
59	50	0	0
59	50	0	0
59	50	0	0
59	50	0	0
59	50	0	0
59	50	0	0
59	54	0	0
59	54	0	0
59	54	0	0
45	54	0	0
45	54	0	0
45	54	0	0
45	54	0	0
45	54	0	0
45	54	0	0
45	45	0	0
45	45	0	0
45	45	0	0
54	45	0	0
54	45	0	0
54	45	0	0
54	45	0	0
54	45	0	0
54	45	0	0
54	45	0	0
54	45	0	0
54	45	0	0
54	45	0	0
54	55	0	0
54	55	0	0
54	55	0	0
54	55	0	0
47	55	0	0
47	55	0	0
47	55	0	0
47	56	0	0
47	56	0	0
47	56	0	0
47	56	0	0
47	56	0	0
47	56	0	0
47	56	0	0
37	56	0	0
37	56	0	0
37	56	0	0
37	56	0	0
37	56	0	0
37	56	0	0
37	59	0	0
37	59	0	0
52	59	0	0
52	59	0	0
52	59	0	0